#a1_X a1_Y a2_X a2_Y a3_X a3_Y j_1 j_2 j_3
0.000 10.000 0.000 18.000 0.523 23.977 0.000 0.000 0.087
0.000 10.000 0.000 18.000 1.042 23.909 0.000 0.000 0.175
0.000 10.000 0.000 18.000 1.553 23.796 0.000 0.000 0.262
0.000 10.000 0.000 18.000 2.052 23.638 0.000 0.000 0.349
0.000 10.000 0.000 18.000 2.536 23.438 0.000 0.000 0.436
0.000 10.000 0.000 18.000 3.000 23.196 0.000 0.000 0.524
0.000 10.000 0.000 18.000 3.441 22.915 0.000 0.000 0.611
0.000 10.000 0.000 18.000 3.857 22.596 0.000 0.000 0.698
0.000 10.000 0.000 18.000 4.243 22.243 0.000 0.000 0.785
0.000 10.000 0.000 18.000 4.596 21.857 0.000 0.000 0.873
0.000 10.000 0.000 18.000 4.915 21.441 0.000 0.000 0.960
0.000 10.000 0.000 18.000 5.196 21.000 0.000 0.000 1.047
0.000 10.000 0.000 18.000 5.438 20.536 0.000 0.000 1.134
0.000 10.000 0.000 18.000 5.638 20.052 0.000 0.000 1.222
0.000 10.000 0.000 18.000 5.796 19.553 0.000 0.000 1.309
0.000 10.000 0.000 18.000 5.909 19.042 0.000 0.000 1.396
0.000 10.000 0.000 18.000 5.977 18.523 0.000 0.000 1.484
0.000 10.000 0.000 18.000 6.000 18.000 0.000 0.000 1.571
0.872 9.962 1.569 17.932 7.546 17.409 0.087 0.000 1.571
0.000 10.000 0.000 18.000 6.000 18.000 0.000 0.000 1.571
-0.872 9.962 -1.569 17.932 4.408 18.454 -0.087 0.000 1.571
-1.736 9.848 -3.126 17.727 2.783 18.768 -0.175 0.000 1.571
-2.588 9.659 -4.659 17.387 1.137 18.940 -0.262 0.000 1.571
-3.420 9.397 -6.156 16.914 -0.518 18.967 -0.349 0.000 1.571
-4.226 9.063 -7.607 16.314 -2.169 18.849 -0.436 0.000 1.571
-5.000 8.660 -9.000 15.588 -3.804 18.588 -0.524 0.000 1.571
-5.000 8.660 -9.589 15.213 -4.674 18.655 -0.524 -0.087 1.571
-5.000 8.660 -10.142 14.789 -5.546 18.645 -0.524 -0.175 1.571
-5.000 8.660 -10.657 14.317 -6.414 18.560 -0.524 -0.262 1.571
-5.000 8.660 -11.128 13.803 -7.272 18.399 -0.524 -0.349 1.571
-5.000 8.660 -11.553 13.249 -8.112 18.164 -0.524 -0.436 1.571
-5.000 8.660 -11.928 12.660 -8.928 17.856 -0.524 -0.524 1.571
-5.736 8.192 -12.986 11.572 -10.451 17.010 -0.611 -0.524 1.571
-6.428 7.660 -13.945 10.397 -11.893 16.035 -0.698 -0.524 1.571
-7.071 7.071 -14.798 9.142 -13.246 14.937 -0.785 -0.524 1.571
-7.660 6.428 -15.539 7.817 -14.497 13.726 -0.873 -0.524 1.571
-7.660 6.428 -15.539 7.817 -15.016 13.794 -0.873 -0.524 1.484
-7.660 6.428 -15.539 7.817 -15.539 13.817 -0.873 -0.524 1.396
-7.660 6.428 -15.539 7.817 -16.062 13.794 -0.873 -0.524 1.309
-7.660 6.428 -15.539 7.817 -16.581 13.726 -0.873 -0.524 1.222
-7.660 6.428 -15.388 8.498 -15.911 14.476 -0.873 -0.436 1.222
-7.660 6.428 -15.178 9.164 -15.178 15.164 -0.873 -0.349 1.222
-7.660 6.428 -14.911 9.809 -14.388 15.786 -0.873 -0.262 1.222
-7.660 6.428 -14.589 10.428 -13.547 16.337 -0.873 -0.175 1.222
-7.660 6.428 -14.214 11.016 -12.661 16.812 -0.873 -0.087 1.222
-7.660 6.428 -14.214 11.016 -13.172 16.925 -0.873 -0.087 1.134
-7.660 6.428 -14.214 11.016 -13.691 16.994 -0.873 -0.087 1.047
-7.660 6.428 -14.214 11.016 -14.214 17.016 -0.873 -0.087 0.960
-7.660 6.428 -14.214 11.016 -14.737 16.994 -0.873 -0.087 0.873
-7.660 6.428 -14.214 11.016 -15.256 16.925 -0.873 -0.087 0.785
-7.660 6.428 -14.214 11.016 -15.767 16.812 -0.873 -0.087 0.698
-7.660 6.428 -14.214 11.016 -16.266 16.655 -0.873 -0.087 0.611
-7.660 6.428 -14.214 11.016 -16.749 16.454 -0.873 -0.087 0.524
-7.660 6.428 -14.214 11.016 -17.214 16.213 -0.873 -0.087 0.436
-7.660 6.428 -14.214 11.016 -17.655 15.931 -0.873 -0.087 0.349
-7.660 6.428 -14.214 11.016 -18.070 15.613 -0.873 -0.087 0.262
-7.660 6.428 -14.214 11.016 -18.456 15.259 -0.873 -0.087 0.175
-7.071 7.071 -13.199 12.213 -17.056 16.810 -0.785 -0.087 0.175
-6.428 7.660 -12.085 13.317 -15.526 18.232 -0.698 -0.087 0.175
-5.736 8.192 -10.878 14.320 -13.878 19.516 -0.611 -0.087 0.175
-5.000 8.660 -9.589 15.213 -12.124 20.651 -0.524 -0.087 0.175
-5.000 8.660 -9.000 15.588 -11.052 21.227 -0.524 0.000 0.175
-5.000 8.660 -8.381 15.911 -9.934 21.706 -0.524 0.087 0.175
-5.000 8.660 -7.736 16.178 -8.778 22.087 -0.524 0.175 0.175
-5.000 8.660 -7.071 16.388 -7.593 22.365 -0.524 0.262 0.175
-5.000 8.660 -6.389 16.539 -6.389 22.539 -0.524 0.349 0.175
-5.000 8.660 -5.697 16.630 -5.174 22.607 -0.524 0.436 0.175
-5.000 8.660 -5.000 16.660 -3.958 22.569 -0.524 0.524 0.175
-4.226 9.063 -3.529 17.033 -1.976 22.828 -0.436 0.524 0.175
-3.420 9.397 -2.031 17.275 0.021 22.914 -0.349 0.524 0.175
-2.588 9.659 -0.518 17.387 2.018 22.825 -0.262 0.524 0.175
-1.736 9.848 1.000 17.366 4.000 22.562 -0.175 0.524 0.175
-0.872 9.962 2.509 17.212 5.951 22.127 -0.087 0.524 0.175
-0.872 9.962 3.128 16.890 6.985 21.486 -0.087 0.611 0.175
-0.872 9.962 3.717 16.515 7.960 20.758 -0.087 0.698 0.175
-0.872 9.962 3.717 16.515 8.313 20.372 -0.087 0.698 0.262
-0.872 9.962 3.717 16.515 8.632 19.957 -0.087 0.698 0.349
-0.872 9.962 3.717 16.515 8.913 19.515 -0.087 0.698 0.436
-0.872 9.962 3.717 16.515 9.155 19.051 -0.087 0.698 0.524
-0.872 9.962 3.717 16.515 9.355 18.567 -0.087 0.698 0.611
-0.872 9.962 3.717 16.515 9.513 18.068 -0.087 0.698 0.698
-0.872 9.962 3.717 16.515 9.626 17.557 -0.087 0.698 0.785
-0.872 9.962 3.717 16.515 9.694 17.038 -0.087 0.698 0.873
-0.872 9.962 3.717 16.515 9.717 16.515 -0.087 0.698 0.960
-0.872 9.962 3.717 16.515 9.694 15.992 -0.087 0.698 1.047
-0.872 9.962 3.717 16.515 9.626 15.473 -0.087 0.698 1.134
-0.872 9.962 3.717 16.515 9.513 14.962 -0.087 0.698 1.222
-0.872 9.962 3.717 16.515 9.355 14.463 -0.087 0.698 1.309
-1.736 9.848 2.264 16.776 8.059 15.223 -0.175 0.698 1.309
-2.588 9.659 0.793 16.910 6.702 15.868 -0.262 0.698 1.309
-3.420 9.397 -0.684 16.914 5.293 16.392 -0.349 0.698 1.309
-4.226 9.063 -2.156 16.790 3.844 16.790 -0.436 0.698 1.309
-3.420 9.397 -0.684 16.914 5.293 16.392 -0.349 0.698 1.309
-2.588 9.659 0.793 16.910 6.702 15.868 -0.262 0.698 1.309
-1.736 9.848 2.264 16.776 8.059 15.223 -0.175 0.698 1.309
-0.872 9.962 3.717 16.515 9.355 14.463 -0.087 0.698 1.309
-0.872 9.962 3.128 16.890 8.924 15.337 -0.087 0.611 1.309
-0.872 9.962 2.509 17.212 8.418 16.171 -0.087 0.524 1.309
-0.872 9.962 1.865 17.479 7.842 16.957 -0.087 0.436 1.309
-0.872 9.962 1.199 17.689 7.199 17.689 -0.087 0.349 1.309
-0.872 9.962 0.518 17.840 6.495 18.363 -0.087 0.262 1.309
-0.872 9.962 -0.174 17.932 5.735 18.973 -0.087 0.175 1.309
-0.872 9.962 -0.872 17.962 4.924 19.515 -0.087 0.087 1.309
-0.872 9.962 -1.569 17.932 4.069 19.984 -0.087 0.000 1.309
-0.872 9.962 -2.261 17.840 3.177 20.376 -0.087 -0.087 1.309
-0.872 9.962 -2.942 17.689 2.254 20.689 -0.087 -0.175 1.309
-0.872 9.962 -3.608 17.479 1.307 20.921 -0.087 -0.262 1.309
-0.872 9.962 -4.253 17.212 0.344 21.069 -0.087 -0.349 1.309
-0.872 9.962 -4.872 16.890 -0.629 21.133 -0.087 -0.436 1.309
-0.872 9.962 -5.460 16.515 -1.603 21.111 -0.087 -0.524 1.309
-0.872 9.962 -6.014 16.090 -2.572 21.005 -0.087 -0.611 1.309
-0.872 9.962 -6.528 15.619 -3.528 20.815 -0.087 -0.698 1.309
-0.872 9.962 -7.000 15.104 -4.464 20.542 -0.087 -0.785 1.309
-0.872 9.962 -7.425 14.551 -5.373 20.189 -0.087 -0.873 1.309
-0.872 9.962 -7.425 14.551 -4.889 19.988 -0.087 -0.873 1.396
-0.872 9.962 -7.425 14.551 -4.425 19.747 -0.087 -0.873 1.484
-0.872 9.962 -7.425 14.551 -3.983 19.465 -0.087 -0.873 1.571
-1.736 9.848 -8.665 13.848 -5.665 19.044 -0.175 -0.873 1.571
-2.588 9.659 -9.839 13.040 -7.303 18.478 -0.262 -0.873 1.571
-3.420 9.397 -10.938 12.133 -8.886 17.771 -0.349 -0.873 1.571
-4.226 9.063 -11.954 11.134 -10.401 16.929 -0.436 -0.873 1.571
-5.000 8.660 -12.878 10.049 -11.837 15.958 -0.524 -0.873 1.571
-5.736 8.192 -13.705 8.889 -13.182 14.866 -0.611 -0.873 1.571
-5.736 8.192 -13.705 8.889 -13.705 14.889 -0.611 -0.873 1.484
-5.736 8.192 -13.705 8.889 -14.228 14.866 -0.611 -0.873 1.396
-5.736 8.192 -13.705 8.889 -14.747 14.798 -0.611 -0.873 1.309
-5.736 8.192 -13.705 8.889 -15.258 14.684 -0.611 -0.873 1.222
-5.736 8.192 -13.705 8.889 -15.757 14.527 -0.611 -0.873 1.134
-5.736 8.192 -13.705 8.889 -16.241 14.327 -0.611 -0.873 1.047
-5.736 8.192 -13.705 8.889 -16.705 14.085 -0.611 -0.873 0.960
-5.736 8.192 -13.705 8.889 -17.147 13.804 -0.611 -0.873 0.873
-5.736 8.192 -13.705 8.889 -17.562 13.485 -0.611 -0.873 0.785
-5.736 8.192 -13.705 8.889 -17.948 13.131 -0.611 -0.873 0.698
-5.736 8.192 -13.705 8.889 -18.302 12.745 -0.611 -0.873 0.611
-5.736 8.192 -13.705 8.889 -17.948 13.131 -0.611 -0.873 0.698
-5.736 8.192 -13.705 8.889 -17.562 13.485 -0.611 -0.873 0.785
-5.736 8.192 -13.705 8.889 -17.147 13.804 -0.611 -0.873 0.873
-5.736 8.192 -13.705 8.889 -16.705 14.085 -0.611 -0.873 0.960
-5.736 8.192 -13.705 8.889 -16.241 14.327 -0.611 -0.873 1.047
-5.736 8.192 -13.705 8.889 -15.757 14.527 -0.611 -0.873 1.134
-5.736 8.192 -13.705 8.889 -15.258 14.684 -0.611 -0.873 1.222