#a1_X a1_Y a2_X a2_Y a3_X a3_Y j_1 j_2 j_3
0.000 10.000 -0.697 17.970 -1.220 23.947 0.000 -0.087 0.000
0.000 10.000 -1.389 17.878 -2.431 23.787 0.000 -0.175 0.000
0.000 10.000 -2.071 17.727 -3.623 23.523 0.000 -0.262 0.000
0.000 10.000 -2.736 17.518 -4.788 23.156 0.000 -0.349 0.000
0.000 10.000 -3.381 17.250 -5.917 22.688 0.000 -0.436 0.000
0.000 10.000 -4.000 16.928 -7.000 22.124 0.000 -0.524 0.000
0.000 10.000 -4.589 16.553 -8.030 21.468 0.000 -0.611 0.000
-0.872 9.962 -6.014 16.090 -9.871 20.687 -0.087 -0.611 0.000
-1.736 9.848 -7.393 15.505 -11.636 19.748 -0.175 -0.611 0.000
-2.588 9.659 -8.717 14.802 -13.313 18.658 -0.262 -0.611 0.000
-3.420 9.397 -9.973 13.986 -14.888 17.427 -0.349 -0.611 0.000
-4.226 9.063 -11.154 13.063 -16.351 16.063 -0.436 -0.611 0.000
-5.000 8.660 -12.250 12.041 -17.688 14.577 -0.524 -0.611 0.000
-5.736 8.192 -13.253 10.928 -18.891 12.980 -0.611 -0.611 0.000
-6.428 7.660 -14.155 9.731 -19.951 11.284 -0.698 -0.611 0.000
-6.428 7.660 -14.155 9.731 -20.064 10.773 -0.698 -0.611 -0.087
-6.428 7.660 -14.155 9.731 -19.951 11.284 -0.698 -0.611 0.000
-6.428 7.660 -14.155 9.731 -19.793 11.783 -0.698 -0.611 0.087
-6.428 7.660 -14.155 9.731 -19.593 12.267 -0.698 -0.611 0.175
-6.428 7.660 -14.155 9.731 -19.351 12.731 -0.698 -0.611 0.262
-6.428 7.660 -14.155 9.731 -19.070 13.172 -0.698 -0.611 0.349
-6.428 7.660 -14.155 9.731 -18.752 13.588 -0.698 -0.611 0.436
-6.428 7.660 -14.155 9.731 -18.398 13.974 -0.698 -0.611 0.524
-6.428 7.660 -14.155 9.731 -18.012 14.327 -0.698 -0.611 0.611
-6.428 7.660 -14.155 9.731 -17.597 14.646 -0.698 -0.611 0.698
-6.428 7.660 -14.155 9.731 -17.155 14.927 -0.698 -0.611 0.785
-6.428 7.660 -14.155 9.731 -16.691 15.169 -0.698 -0.611 0.873
-6.428 7.660 -14.155 9.731 -16.207 15.369 -0.698 -0.611 0.960
-6.428 7.660 -14.155 9.731 -15.708 15.527 -0.698 -0.611 1.047
-6.428 7.660 -14.155 9.731 -15.197 15.640 -0.698 -0.611 1.134
-6.428 7.660 -14.155 9.731 -14.678 15.708 -0.698 -0.611 1.222
-6.428 7.660 -14.155 9.731 -14.155 15.731 -0.698 -0.611 1.309
-6.428 7.660 -14.155 9.731 -13.632 15.708 -0.698 -0.611 1.396
-6.428 7.660 -14.155 9.731 -13.113 15.640 -0.698 -0.611 1.484
-6.428 7.660 -14.155 9.731 -12.602 15.527 -0.698 -0.611 1.571
-5.736 8.192 -13.253 10.928 -11.201 16.566 -0.611 -0.611 1.571
-5.000 8.660 -12.250 12.041 -9.715 17.479 -0.524 -0.611 1.571
-4.226 9.063 -11.154 13.063 -8.154 18.259 -0.436 -0.611 1.571
-3.420 9.397 -9.973 13.986 -6.532 18.900 -0.349 -0.611 1.571
-2.588 9.659 -8.717 14.802 -4.860 19.398 -0.262 -0.611 1.571
-1.736 9.848 -7.393 15.505 -3.151 19.748 -0.175 -0.611 1.571
-0.872 9.962 -6.014 16.090 -1.418 19.947 -0.087 -0.611 1.571
0.000 10.000 -4.589 16.553 0.326 19.995 0.000 -0.611 1.571
0.872 9.962 -3.128 16.890 2.068 19.890 0.087 -0.611 1.571
1.736 9.848 -1.644 17.099 3.793 19.634 0.175 -0.611 1.571
2.588 9.659 -0.148 17.177 5.490 19.229 0.262 -0.611 1.571