#a1_X a1_Y a2_X a2_Y a3_X a3_Y j_1 j_2 j_3
0.000 10.000 0.000 18.000 -0.523 23.977 0.000 0.000 -0.087
0.000 10.000 0.000 18.000 -1.042 23.909 0.000 0.000 -0.175
0.000 10.000 0.000 18.000 -1.553 23.796 0.000 0.000 -0.262
0.000 10.000 0.000 18.000 -2.052 23.638 0.000 0.000 -0.349
0.000 10.000 0.000 18.000 -2.536 23.438 0.000 0.000 -0.436
0.000 10.000 0.000 18.000 -3.000 23.196 0.000 0.000 -0.524
0.000 10.000 0.697 17.970 -1.838 23.407 0.000 0.087 -0.524
0.000 10.000 1.389 17.878 -0.663 23.517 0.000 0.175 -0.524
0.000 10.000 2.071 17.727 0.518 23.523 0.000 0.262 -0.524
0.000 10.000 2.736 17.518 1.694 23.426 0.000 0.349 -0.524
0.000 10.000 3.381 17.250 2.858 23.228 0.000 0.436 -0.524
-0.872 9.962 1.865 17.479 0.823 23.388 -0.087 0.436 -0.524
-1.736 9.848 0.334 17.575 -1.219 23.371 -0.175 0.436 -0.524
-2.588 9.659 -1.199 17.538 -3.251 23.176 -0.262 0.436 -0.524
-3.420 9.397 -2.723 17.366 -5.259 22.804 -0.349 0.436 -0.524
-3.420 9.397 -2.031 17.275 -4.083 22.914 -0.349 0.524 -0.524
-3.420 9.397 -1.350 17.124 -2.903 22.920 -0.349 0.611 -0.524
-3.420 9.397 -0.684 16.914 -1.726 22.823 -0.349 0.698 -0.524
-3.420 9.397 -0.039 16.647 -0.562 22.625 -0.349 0.785 -0.524
-4.226 9.063 -1.490 16.581 -2.532 22.489 -0.436 0.785 -0.524
-5.000 8.660 -2.929 16.388 -4.482 22.183 -0.524 0.785 -0.524
-5.736 8.192 -4.347 16.070 -6.399 21.708 -0.611 0.785 -0.524
-5.736 8.192 -5.039 16.161 -7.574 21.599 -0.611 0.698 -0.524
-5.736 8.192 -5.736 16.192 -8.736 21.388 -0.611 0.611 -0.524
-5.736 8.192 -6.433 16.161 -9.874 21.076 -0.611 0.524 -0.524
-5.736 8.192 -7.125 16.070 -10.982 20.666 -0.611 0.436 -0.524
-5.736 8.192 -7.806 15.919 -12.049 20.162 -0.611 0.349 -0.524
-5.736 8.192 -8.472 15.709 -13.068 19.566 -0.611 0.262 -0.524
-5.736 8.192 -9.117 15.442 -14.032 18.883 -0.611 0.175 -0.524
-6.428 7.660 -10.428 14.589 -15.624 17.589 -0.698 0.175 -0.524
-7.071 7.071 -11.660 13.624 -17.098 16.160 -0.785 0.175 -0.524
-7.660 6.428 -12.803 12.556 -18.441 14.608 -0.873 0.175 -0.524
-8.192 5.736 -13.848 11.393 -19.644 12.946 -0.960 0.175 -0.524
-8.660 5.000 -14.789 10.142 -20.697 11.184 -1.047 0.175 -0.524
-8.660 5.000 -14.789 10.142 -20.584 11.695 -1.047 0.175 -0.436
-8.660 5.000 -14.789 10.142 -20.427 12.194 -1.047 0.175 -0.349
-8.660 5.000 -14.789 10.142 -20.226 12.678 -1.047 0.175 -0.262
-8.660 5.000 -14.789 10.142 -19.985 13.142 -1.047 0.175 -0.175
-8.660 5.000 -14.789 10.142 -19.704 13.584 -1.047 0.175 -0.087
-8.660 5.000 -14.789 10.142 -19.385 13.999 -1.047 0.175 0.000
-8.660 5.000 -14.789 10.142 -19.704 13.584 -1.047 0.175 -0.087
-8.660 5.000 -14.789 10.142 -19.985 13.142 -1.047 0.175 -0.175
-8.660 5.000 -14.789 10.142 -20.226 12.678 -1.047 0.175 -0.262
-8.660 5.000 -14.789 10.142 -20.427 12.194 -1.047 0.175 -0.349
-8.660 5.000 -14.789 10.142 -20.584 11.695 -1.047 0.175 -0.436
-8.660 5.000 -14.789 10.142 -20.697 11.184 -1.047 0.175 -0.524
-8.660 5.000 -14.789 10.142 -20.766 10.665 -1.047 0.175 -0.611
-8.660 5.000 -14.789 10.142 -20.789 10.142 -1.047 0.175 -0.698