#a1_X a1_Y a2_X a2_Y a3_X a3_Y j_1 j_2 j_3
0.872 9.962 1.569 17.932 2.092 23.909 0.087 0.000 0.000
0.872 9.962 2.261 17.840 3.303 23.749 0.087 0.087 0.000
0.872 9.962 2.942 17.689 4.495 23.485 0.087 0.175 0.000
0.872 9.962 2.942 17.689 3.984 23.598 0.087 0.175 -0.087
0.872 9.962 2.942 17.689 3.465 23.667 0.087 0.175 -0.175
0.872 9.962 2.942 17.689 2.942 23.689 0.087 0.175 -0.262
0.872 9.962 2.942 17.689 2.419 23.667 0.087 0.175 -0.349
0.872 9.962 2.942 17.689 1.900 23.598 0.087 0.175 -0.436
0.872 9.962 2.942 17.689 1.389 23.485 0.087 0.175 -0.524
0.872 9.962 2.942 17.689 0.890 23.328 0.087 0.175 -0.611
0.872 9.962 2.942 17.689 0.406 23.127 0.087 0.175 -0.698
0.872 9.962 2.942 17.689 -0.058 22.886 0.087 0.175 -0.785
0.872 9.962 2.942 17.689 -0.499 22.604 0.087 0.175 -0.873
0.872 9.962 2.942 17.689 -0.915 22.286 0.087 0.175 -0.960
0.872 9.962 2.942 17.689 -1.301 21.932 0.087 0.175 -1.047
0.872 9.962 2.942 17.689 -1.654 21.546 0.087 0.175 -1.134
0.872 9.962 2.942 17.689 -1.973 21.131 0.087 0.175 -1.222
0.872 9.962 2.942 17.689 -2.254 20.689 0.087 0.175 -1.309
0.872 9.962 2.942 17.689 -2.496 20.225 0.087 0.175 -1.396
0.872 9.962 2.942 17.689 -2.696 19.741 0.087 0.175 -1.484
0.872 9.962 2.942 17.689 -2.853 19.242 0.087 0.175 -1.571
0.000 10.000 1.389 17.878 -4.520 18.920 0.000 0.175 -1.571
-0.872 9.962 -0.174 17.932 -6.151 18.454 -0.087 0.175 -1.571
-1.736 9.848 -1.736 17.848 -7.736 17.848 -0.175 0.175 -1.571
-2.588 9.659 -3.285 17.629 -9.263 17.106 -0.262 0.175 -1.571
-3.420 9.397 -4.809 17.275 -10.718 16.233 -0.349 0.175 -1.571
-4.226 9.063 -6.297 16.790 -12.092 15.238 -0.436 0.175 -1.571
-5.000 8.660 -7.736 16.178 -13.374 14.126 -0.524 0.175 -1.571
-5.736 8.192 -9.117 15.442 -14.555 12.906 -0.611 0.175 -1.571
-6.428 7.660 -10.428 14.589 -15.624 11.589 -0.698 0.175 -1.571
-7.071 7.071 -11.660 13.624 -16.575 10.183 -0.785 0.175 -1.571
-6.428 7.660 -10.428 14.589 -15.624 11.589 -0.698 0.175 -1.571
-5.736 8.192 -9.117 15.442 -14.555 12.906 -0.611 0.175 -1.571
-5.000 8.660 -7.736 16.178 -13.374 14.126 -0.524 0.175 -1.571
-4.226 9.063 -6.297 16.790 -12.092 15.238 -0.436 0.175 -1.571
-3.420 9.397 -4.809 17.275 -10.718 16.233 -0.349 0.175 -1.571
-2.588 9.659 -3.285 17.629 -9.263 17.106 -0.262 0.175 -1.571
-1.736 9.848 -1.736 17.848 -7.736 17.848 -0.175 0.175 -1.571
-0.872 9.962 -0.174 17.932 -6.151 18.454 -0.087 0.175 -1.571
0.000 10.000 1.389 17.878 -4.520 18.920 0.000 0.175 -1.571
0.872 9.962 2.942 17.689 -2.853 19.242 0.087 0.175 -1.571
0.000 10.000 1.389 17.878 -4.520 18.920 0.000 0.175 -1.571
-0.872 9.962 -0.174 17.932 -6.151 18.454 -0.087 0.175 -1.571
-1.736 9.848 -1.736 17.848 -7.736 17.848 -0.175 0.175 -1.571
-2.588 9.659 -3.285 17.629 -9.263 17.106 -0.262 0.175 -1.571
-2.588 9.659 -2.588 17.659 -8.588 17.659 -0.262 0.262 -1.571
-2.588 9.659 -1.891 17.629 -7.868 18.152 -0.262 0.349 -1.571
-2.588 9.659 -1.199 17.538 -7.108 18.580 -0.262 0.436 -1.571
-2.588 9.659 -0.518 17.387 -6.313 18.940 -0.262 0.524 -1.571
-2.588 9.659 0.148 17.177 -5.490 19.229 -0.262 0.611 -1.571
-2.588 9.659 0.793 16.910 -4.645 19.445 -0.262 0.698 -1.571
-2.588 9.659 1.412 16.587 -3.784 19.587 -0.262 0.785 -1.571
-2.588 9.659 2.000 16.212 -2.914 19.654 -0.262 0.873 -1.571
-2.588 9.659 2.554 15.788 -2.042 19.644 -0.262 0.960 -1.571
-2.588 9.659 3.069 15.316 -1.174 19.559 -0.262 1.047 -1.571
-2.588 9.659 3.069 15.316 -0.788 19.912 -0.262 1.047 -1.484
-2.588 9.659 3.069 15.316 -0.373 20.231 -0.262 1.047 -1.396
-2.588 9.659 3.069 15.316 0.069 20.512 -0.262 1.047 -1.309
-2.588 9.659 3.069 15.316 0.533 20.754 -0.262 1.047 -1.222