#a1_X a1_Y a2_X a2_Y a3_X a3_Y j_1 j_2 j_3
0.000 10.000 0.697 17.970 1.220 23.947 0.000 0.087 0.000
0.000 10.000 1.389 17.878 2.431 23.787 0.000 0.175 0.000
0.000 10.000 2.071 17.727 3.623 23.523 0.000 0.262 0.000
0.000 10.000 2.736 17.518 4.788 23.156 0.000 0.349 0.000
0.000 10.000 2.071 17.727 3.623 23.523 0.000 0.262 0.000
0.000 10.000 1.389 17.878 2.431 23.787 0.000 0.175 0.000
0.000 10.000 0.697 17.970 1.220 23.947 0.000 0.087 0.000
0.000 10.000 -0.000 18.000 -0.000 24.000 0.000 -0.000 0.000
0.000 10.000 -0.697 17.970 -1.220 23.947 0.000 -0.087 0.000
0.000 10.000 -1.389 17.878 -2.431 23.787 0.000 -0.175 0.000
-0.872 9.962 -2.942 17.689 -4.495 23.485 -0.087 -0.175 0.000
-1.736 9.848 -4.473 17.366 -6.525 23.004 -0.175 -0.175 0.000
-2.588 9.659 -5.969 16.910 -8.505 22.348 -0.262 -0.175 0.000
-3.420 9.397 -7.420 16.325 -10.420 21.521 -0.349 -0.175 0.000
-4.226 9.063 -8.815 15.616 -12.256 20.531 -0.436 -0.175 0.000
-5.000 8.660 -10.142 14.789 -13.999 19.385 -0.524 -0.175 0.000
-5.000 8.660 -9.589 15.213 -13.030 20.128 -0.524 -0.087 0.000
-5.000 8.660 -9.000 15.588 -12.000 20.785 -0.524 -0.000 0.000
-5.000 8.660 -8.381 15.911 -10.917 21.349 -0.524 0.087 0.000
-5.000 8.660 -7.736 16.178 -9.788 21.816 -0.524 0.175 0.000
-5.000 8.660 -7.736 16.178 -9.289 21.973 -0.524 0.175 0.087
-5.000 8.660 -7.736 16.178 -8.778 22.087 -0.524 0.175 0.175
-5.000 8.660 -7.736 16.178 -8.259 22.155 -0.524 0.175 0.262
-5.000 8.660 -7.736 16.178 -7.736 22.178 -0.524 0.175 0.349
-5.000 8.660 -7.736 16.178 -8.259 22.155 -0.524 0.175 0.262
-5.000 8.660 -7.736 16.178 -8.778 22.087 -0.524 0.175 0.175
-5.000 8.660 -7.736 16.178 -9.289 21.973 -0.524 0.175 0.087
-5.000 8.660 -7.736 16.178 -9.788 21.816 -0.524 0.175 -0.000
-5.000 8.660 -7.736 16.178 -10.272 21.616 -0.524 0.175 -0.087
-5.000 8.660 -7.071 16.388 -9.123 22.026 -0.524 0.262 -0.087
-5.000 8.660 -6.389 16.539 -7.942 22.334 -0.524 0.349 -0.087
-5.000 8.660 -5.697 16.630 -6.739 22.539 -0.524 0.436 -0.087
-5.000 8.660 -5.000 16.660 -5.523 22.637 -0.524 0.524 -0.087
-5.000 8.660 -4.303 16.630 -4.303 22.630 -0.524 0.611 -0.087
-5.000 8.660 -3.611 16.539 -3.088 22.516 -0.524 0.698 -0.087
-5.000 8.660 -2.929 16.388 -1.888 22.297 -0.524 0.785 -0.087
-5.000 8.660 -2.264 16.178 -0.711 21.973 -0.524 0.873 -0.087
-5.000 8.660 -1.619 15.911 0.433 21.549 -0.524 0.960 -0.087
-5.000 8.660 -1.000 15.588 1.536 21.026 -0.524 1.047 -0.087
-5.000 8.660 -0.411 15.213 2.589 20.410 -0.524 1.134 -0.087
-5.000 8.660 0.142 14.789 3.584 19.704 -0.524 1.222 -0.087
-5.000 8.660 0.657 14.317 4.514 18.913 -0.524 1.309 -0.087
-5.000 8.660 1.128 13.803 5.371 18.045 -0.524 1.396 -0.087
-5.000 8.660 1.128 13.803 5.725 17.659 -0.524 1.396 -0.000
-5.000 8.660 1.128 13.803 6.043 17.244 -0.524 1.396 0.087
-5.000 8.660 1.128 13.803 6.325 16.803 -0.524 1.396 0.175
-5.000 8.660 1.128 13.803 6.566 16.338 -0.524 1.396 0.262
-5.000 8.660 1.128 13.803 6.767 15.855 -0.524 1.396 0.349
-5.000 8.660 1.128 13.803 6.924 15.355 -0.524 1.396 0.436
-5.736 8.192 -0.079 13.848 5.559 15.900 -0.611 1.396 0.436
-6.428 7.660 -1.286 13.789 4.152 16.325 -0.698 1.396 0.436
-7.071 7.071 -2.482 13.624 2.714 16.624 -0.785 1.396 0.436
-7.660 6.428 -3.660 13.356 1.254 16.798 -0.873 1.396 0.436
-8.192 5.736 -4.811 12.986 -0.214 16.843 -0.960 1.396 0.436
-8.660 5.000 -5.924 12.518 -1.681 16.760 -1.047 1.396 0.436
-9.063 4.226 -6.993 11.954 -3.136 16.550 -1.134 1.396 0.436
-9.397 3.420 -8.008 11.299 -4.566 16.214 -1.222 1.396 0.436
-9.659 2.588 -8.962 10.558 -5.962 15.754 -1.309 1.396 0.436
-9.848 1.736 -9.848 9.736 -7.312 15.174 -1.396 1.396 0.436
-9.962 0.872 -10.659 8.841 -8.607 14.479 -1.484 1.396 0.436
-10.000 0.000 -11.389 7.878 -9.836 13.674 -1.571 1.396 0.436
-10.000 0.000 -12.071 7.727 -11.029 13.636 -1.571 1.309 0.436
-10.000 0.000 -12.736 7.518 -12.213 13.495 -1.571 1.222 0.436
-10.000 0.000 -13.381 7.250 -13.381 13.250 -1.571 1.134 0.436
-10.000 0.000 -14.000 6.928 -14.523 12.905 -1.571 1.047 0.436
-10.000 0.000 -14.589 6.553 -15.631 12.462 -1.571 0.960 0.436
-10.000 0.000 -14.589 6.553 -15.112 12.530 -1.571 0.960 0.524
-10.000 0.000 -14.589 6.553 -14.589 12.553 -1.571 0.960 0.611
-10.000 0.000 -14.589 6.553 -14.066 12.530 -1.571 0.960 0.698
-10.000 0.000 -14.589 6.553 -13.547 12.462 -1.571 0.960 0.785
-10.000 0.000 -14.589 6.553 -14.066 12.530 -1.571 0.960 0.698
-10.000 0.000 -14.589 6.553 -14.589 12.553 -1.571 0.960 0.611
-10.000 0.000 -14.589 6.553 -15.112 12.530 -1.571 0.960 0.524
-10.000 0.000 -14.589 6.553 -15.631 12.462 -1.571 0.960 0.436
-10.000 0.000 -14.589 6.553 -16.142 12.349 -1.571 0.960 0.349
-9.962 0.872 -13.962 7.800 -15.004 13.709 -1.484 0.960 0.349
-9.848 1.736 -13.229 8.987 -13.752 14.964 -1.396 0.960 0.349
-9.659 2.588 -12.395 10.106 -12.395 16.106 -1.309 0.960 0.349
-9.397 3.420 -11.467 11.148 -10.945 17.125 -1.222 0.960 0.349
-9.063 4.226 -10.452 12.105 -9.410 18.013 -1.134 0.960 0.349
-8.660 5.000 -9.357 12.970 -7.805 18.765 -1.047 0.960 0.349
-8.192 5.736 -8.192 13.736 -6.139 19.374 -0.960 0.960 0.349