#a1_X a1_Y a2_X a2_Y a3_X a3_Y j_1 j_2 j_3
0.872 9.962 1.569 17.932 2.092 23.909 0.087 0.000 0.000
0.872 9.962 1.569 17.932 1.569 23.932 0.087 0.000 -0.087
0.872 9.962 1.569 17.932 1.046 23.909 0.087 0.000 -0.175
0.872 9.962 1.569 17.932 0.527 23.840 0.087 0.000 -0.262
0.872 9.962 1.569 17.932 0.016 23.727 0.087 0.000 -0.349
0.872 9.962 1.569 17.932 -0.483 23.570 0.087 0.000 -0.436
0.872 9.962 1.569 17.932 0.016 23.727 0.087 0.000 -0.349
0.872 9.962 1.569 17.932 0.527 23.840 0.087 0.000 -0.262
0.872 9.962 1.569 17.932 1.046 23.909 0.087 0.000 -0.175
0.872 9.962 1.569 17.932 1.569 23.932 0.087 0.000 -0.087
0.872 9.962 1.569 17.932 1.046 23.909 0.087 0.000 -0.175
0.872 9.962 1.569 17.932 0.527 23.840 0.087 0.000 -0.262
0.872 9.962 1.569 17.932 0.016 23.727 0.087 0.000 -0.349
0.872 9.962 1.569 17.932 -0.483 23.570 0.087 0.000 -0.436
0.872 9.962 1.569 17.932 -0.967 23.369 0.087 0.000 -0.524
0.872 9.962 1.569 17.932 -1.431 23.128 0.087 0.000 -0.611
0.872 9.962 1.569 17.932 -1.873 22.846 0.087 0.000 -0.698
0.872 9.962 1.569 17.932 -2.288 22.528 0.087 0.000 -0.785
0.872 9.962 1.569 17.932 -2.674 22.174 0.087 0.000 -0.873
0.872 9.962 1.569 17.932 -3.027 21.788 0.087 0.000 -0.960
0.872 9.962 1.569 17.932 -3.346 21.373 0.087 0.000 -1.047
0.872 9.962 1.569 17.932 -3.627 20.932 0.087 0.000 -1.134
0.872 9.962 1.569 17.932 -3.869 20.467 0.087 0.000 -1.222
0.872 9.962 1.569 17.932 -4.069 19.984 0.087 0.000 -1.309
0.872 9.962 1.569 17.932 -4.227 19.484 0.087 0.000 -1.396
0.872 9.962 1.569 17.932 -4.340 18.973 0.087 0.000 -1.484
0.872 9.962 1.569 17.932 -4.408 18.454 0.087 0.000 -1.571
0.872 9.962 0.872 17.962 -5.128 17.962 0.087 -0.087 -1.571
0.872 9.962 0.174 17.932 -5.803 17.409 0.087 -0.175 -1.571
0.872 9.962 -0.518 17.840 -6.426 16.799 0.087 -0.262 -1.571
0.872 9.962 -1.199 17.689 -6.995 16.136 0.087 -0.349 -1.571
0.872 9.962 -1.865 17.479 -7.503 15.427 0.087 -0.436 -1.571
0.872 9.962 -2.509 17.212 -7.947 14.677 0.087 -0.524 -1.571
0.872 9.962 -1.865 17.479 -7.503 15.427 0.087 -0.436 -1.571
0.872 9.962 -1.199 17.689 -6.995 16.136 0.087 -0.349 -1.571
0.872 9.962 -0.518 17.840 -6.426 16.799 0.087 -0.262 -1.571
0.872 9.962 0.174 17.932 -5.803 17.409 0.087 -0.175 -1.571
0.872 9.962 0.872 17.962 -5.128 17.962 0.087 -0.087 -1.571
0.872 9.962 1.569 17.932 -4.408 18.454 0.087 0.000 -1.571
0.000 10.000 0.000 18.000 -6.000 18.000 0.000 0.000 -1.571
-0.872 9.962 -1.569 17.932 -7.546 17.409 -0.087 0.000 -1.571
-1.736 9.848 -3.126 17.727 -9.035 16.685 -0.175 0.000 -1.571
-2.588 9.659 -4.659 17.387 -10.454 15.834 -0.262 0.000 -1.571
-1.736 9.848 -3.126 17.727 -9.035 16.685 -0.175 0.000 -1.571
-0.872 9.962 -1.569 17.932 -7.546 17.409 -0.087 0.000 -1.571
0.000 10.000 0.000 18.000 -6.000 18.000 0.000 0.000 -1.571
0.872 9.962 1.569 17.932 -4.408 18.454 0.087 0.000 -1.571
0.872 9.962 0.872 17.962 -5.128 17.962 0.087 -0.087 -1.571
0.872 9.962 0.174 17.932 -5.803 17.409 0.087 -0.175 -1.571
0.872 9.962 -0.518 17.840 -6.426 16.799 0.087 -0.262 -1.571
0.872 9.962 -1.199 17.689 -6.995 16.136 0.087 -0.349 -1.571
0.872 9.962 -1.865 17.479 -7.503 15.427 0.087 -0.436 -1.571
0.872 9.962 -2.509 17.212 -7.947 14.677 0.087 -0.524 -1.571
0.872 9.962 -3.128 16.890 -8.325 13.890 0.087 -0.611 -1.571
0.872 9.962 -2.509 17.212 -7.947 14.677 0.087 -0.524 -1.571
0.872 9.962 -1.865 17.479 -7.503 15.427 0.087 -0.436 -1.571
0.872 9.962 -1.199 17.689 -6.995 16.136 0.087 -0.349 -1.571
0.872 9.962 -0.518 17.840 -6.426 16.799 0.087 -0.262 -1.571
0.872 9.962 0.174 17.932 -5.803 17.409 0.087 -0.175 -1.571
0.872 9.962 0.872 17.962 -5.128 17.962 0.087 -0.087 -1.571
0.872 9.962 1.569 17.932 -4.408 18.454 0.087 0.000 -1.571
0.872 9.962 2.261 17.840 -3.648 18.882 0.087 0.087 -1.571
0.872 9.962 2.942 17.689 -2.853 19.242 0.087 0.175 -1.571
0.872 9.962 2.261 17.840 -3.648 18.882 0.087 0.087 -1.571
0.872 9.962 1.569 17.932 -4.408 18.454 0.087 0.000 -1.571
0.872 9.962 0.872 17.962 -5.128 17.962 0.087 -0.087 -1.571
0.872 9.962 0.174 17.932 -5.803 17.409 0.087 -0.175 -1.571
0.872 9.962 -0.518 17.840 -6.426 16.799 0.087 -0.262 -1.571
0.872 9.962 -1.199 17.689 -6.995 16.136 0.087 -0.349 -1.571
0.872 9.962 -1.865 17.479 -7.503 15.427 0.087 -0.436 -1.571
0.872 9.962 -2.509 17.212 -7.947 14.677 0.087 -0.524 -1.571
0.872 9.962 -3.128 16.890 -8.325 13.890 0.087 -0.611 -1.571
0.872 9.962 -3.717 16.515 -8.632 13.074 0.087 -0.698 -1.571
0.872 9.962 -4.271 16.090 -8.867 12.234 0.087 -0.785 -1.571
0.872 9.962 -4.785 15.619 -9.028 11.376 0.087 -0.873 -1.571
0.872 9.962 -5.257 15.104 -9.114 10.508 0.087 -0.960 -1.571
0.872 9.962 -5.682 14.551 -9.123 9.636 0.087 -1.047 -1.571
0.872 9.962 -6.057 13.962 -9.057 8.766 0.087 -1.134 -1.571
0.872 9.962 -6.379 13.343 -8.915 7.905 0.087 -1.222 -1.571
0.872 9.962 -6.646 12.698 -8.698 7.060 0.087 -1.309 -1.571
0.872 9.962 -6.856 12.032 -8.409 6.237 0.087 -1.396 -1.571
0.000 10.000 -7.878 11.389 -8.920 5.480 0.000 -1.396 -1.571
-0.872 9.962 -8.841 10.659 -9.364 4.682 -0.087 -1.396 -1.571
-1.736 9.848 -9.736 9.848 -9.736 3.848 -0.175 -1.396 -1.571
-0.872 9.962 -8.841 10.659 -9.364 4.682 -0.087 -1.396 -1.571
0.000 10.000 -7.878 11.389 -8.920 5.480 0.000 -1.396 -1.571
0.872 9.962 -6.856 12.032 -8.409 6.237 0.087 -1.396 -1.571
1.736 9.848 -5.781 12.584 -7.833 6.946 0.175 -1.396 -1.571
2.588 9.659 -4.662 13.040 -7.198 7.602 0.262 -1.396 -1.571
3.420 9.397 -3.508 13.397 -6.508 8.201 0.349 -1.396 -1.571
4.226 9.063 -2.327 13.652 -5.768 8.737 0.436 -1.396 -1.571
4.226 9.063 -2.702 13.063 -5.702 7.867 0.436 -1.484 -1.571
4.226 9.063 -3.024 12.444 -5.560 7.006 0.436 -1.571 -1.571
4.226 9.063 -3.291 11.799 -5.343 6.161 0.436 -1.658 -1.571
4.226 9.063 -3.501 11.134 -5.054 5.338 0.436 -1.745 -1.571
4.226 9.063 -3.652 10.452 -4.694 4.543 0.436 -1.833 -1.571
4.226 9.063 -3.743 9.760 -4.266 3.783 0.436 -1.920 -1.571