#a1_X a1_Y a2_X a2_Y a3_X a3_Y j_1 j_2 j_3
0.000 10.000 0.697 17.970 1.220 23.947 0.000 0.087 0.000
0.000 10.000 1.389 17.878 2.431 23.787 0.000 0.175 0.000
0.000 10.000 2.071 17.727 3.623 23.523 0.000 0.262 0.000
0.000 10.000 2.736 17.518 4.788 23.156 0.000 0.349 0.000
0.000 10.000 3.381 17.250 5.917 22.688 0.000 0.436 0.000
-0.872 9.962 1.865 17.479 3.917 23.118 -0.087 0.436 0.000
-1.736 9.848 0.334 17.575 1.887 23.371 -0.175 0.436 0.000
-2.588 9.659 -1.199 17.538 -0.157 23.447 -0.262 0.436 0.000
-3.420 9.397 -2.723 17.366 -2.200 23.344 -0.349 0.436 0.000
-4.226 9.063 -4.226 17.063 -4.226 23.063 -0.436 0.436 0.000
-5.000 8.660 -5.697 16.630 -6.220 22.607 -0.524 0.436 0.000
-4.226 9.063 -4.226 17.063 -4.226 23.063 -0.436 0.436 0.000
-3.420 9.397 -2.723 17.366 -2.200 23.344 -0.349 0.436 0.000
-2.588 9.659 -1.199 17.538 -0.157 23.447 -0.262 0.436 0.000
-1.736 9.848 0.334 17.575 1.887 23.371 -0.175 0.436 0.000
-0.872 9.962 1.865 17.479 3.917 23.118 -0.087 0.436 0.000
0.000 10.000 3.381 17.250 5.917 22.688 0.000 0.436 0.000
0.000 10.000 2.736 17.518 4.788 23.156 0.000 0.349 0.000
0.000 10.000 2.071 17.727 3.623 23.523 0.000 0.262 0.000
0.000 10.000 1.389 17.878 2.431 23.787 0.000 0.175 0.000
0.000 10.000 0.697 17.970 1.220 23.947 0.000 0.087 0.000
0.000 10.000 0.000 18.000 0.000 24.000 0.000 -0.000 0.000
0.000 10.000 -0.697 17.970 -1.220 23.947 0.000 -0.087 0.000
0.000 10.000 -1.389 17.878 -2.431 23.787 0.000 -0.175 0.000
0.000 10.000 -2.071 17.727 -3.623 23.523 0.000 -0.262 0.000
0.000 10.000 -2.736 17.518 -4.788 23.156 0.000 -0.349 0.000
0.000 10.000 -3.381 17.250 -5.917 22.688 0.000 -0.436 0.000
0.000 10.000 -4.000 16.928 -7.000 22.124 0.000 -0.524 0.000
0.000 10.000 -4.589 16.553 -8.030 21.468 0.000 -0.611 0.000
0.000 10.000 -4.589 16.553 -7.589 21.749 0.000 -0.611 0.087
0.000 10.000 -4.589 16.553 -7.124 21.991 0.000 -0.611 0.175
0.000 10.000 -4.589 16.553 -6.641 22.191 0.000 -0.611 0.262
0.000 10.000 -4.589 16.553 -6.142 22.349 0.000 -0.611 0.349
0.000 10.000 -4.589 16.553 -5.631 22.462 0.000 -0.611 0.436
0.000 10.000 -4.589 16.553 -5.112 22.530 0.000 -0.611 0.524
0.000 10.000 -4.589 16.553 -4.589 22.553 0.000 -0.611 0.611
0.000 10.000 -4.589 16.553 -4.066 22.530 0.000 -0.611 0.698
0.000 10.000 -4.589 16.553 -3.547 22.462 0.000 -0.611 0.785
0.000 10.000 -4.589 16.553 -3.036 22.349 0.000 -0.611 0.873
0.000 10.000 -4.589 16.553 -2.536 22.191 0.000 -0.611 0.960
0.000 10.000 -4.589 16.553 -2.053 21.991 0.000 -0.611 1.047
0.000 10.000 -4.589 16.553 -1.589 21.749 0.000 -0.611 1.134
0.000 10.000 -4.589 16.553 -1.147 21.468 0.000 -0.611 1.222
0.000 10.000 -4.589 16.553 -0.732 21.149 0.000 -0.611 1.309
0.000 10.000 -4.589 16.553 -0.346 20.796 0.000 -0.611 1.396
0.000 10.000 -4.589 16.553 0.008 20.410 0.000 -0.611 1.484
0.000 10.000 -4.589 16.553 0.326 19.995 0.000 -0.611 1.571
0.000 10.000 -4.589 16.553 0.008 20.410 0.000 -0.611 1.484
0.000 10.000 -4.589 16.553 -0.346 20.796 0.000 -0.611 1.396
0.000 10.000 -4.589 16.553 -0.732 21.149 0.000 -0.611 1.309
0.000 10.000 -4.589 16.553 -1.147 21.468 0.000 -0.611 1.222
0.000 10.000 -4.589 16.553 -0.732 21.149 0.000 -0.611 1.309
0.000 10.000 -4.589 16.553 -0.346 20.796 0.000 -0.611 1.396
0.000 10.000 -4.589 16.553 0.008 20.410 0.000 -0.611 1.484
0.000 10.000 -4.589 16.553 0.326 19.995 0.000 -0.611 1.571
0.000 10.000 -4.589 16.553 0.008 20.410 0.000 -0.611 1.484
0.000 10.000 -4.589 16.553 -0.346 20.796 0.000 -0.611 1.396
0.000 10.000 -4.589 16.553 -0.732 21.149 0.000 -0.611 1.309
0.000 10.000 -4.589 16.553 -1.147 21.468 0.000 -0.611 1.222
0.000 10.000 -4.589 16.553 -1.589 21.749 0.000 -0.611 1.134
-0.872 9.962 -6.014 16.090 -3.478 21.528 -0.087 -0.611 1.134
-1.736 9.848 -7.393 15.505 -5.341 21.143 -0.175 -0.611 1.134
-2.588 9.659 -8.717 14.802 -7.164 20.597 -0.262 -0.611 1.134
-3.420 9.397 -9.973 13.986 -8.932 19.894 -0.349 -0.611 1.134
-4.226 9.063 -11.154 13.063 -10.631 19.040 -0.436 -0.611 1.134
-5.000 8.660 -12.250 12.041 -12.250 18.041 -0.524 -0.611 1.134
-5.000 8.660 -12.518 11.396 -13.040 17.374 -0.524 -0.698 1.134
-5.000 8.660 -12.727 10.731 -13.769 16.640 -0.524 -0.785 1.134
-5.000 8.660 -12.878 10.049 -14.431 15.845 -0.524 -0.873 1.134
-5.000 8.660 -12.970 9.357 -15.022 14.996 -0.524 -0.960 1.134
-5.000 8.660 -13.000 8.660 -15.536 14.098 -0.524 -1.047 1.134
-4.226 9.063 -12.196 9.760 -14.248 15.398 -0.436 -1.047 1.134
-3.420 9.397 -11.299 10.786 -12.852 16.582 -0.349 -1.047 1.134
-2.588 9.659 -10.316 11.730 -11.357 17.639 -0.262 -1.047 1.134
-1.736 9.848 -9.254 12.584 -9.777 18.561 -0.175 -1.047 1.134
-0.872 9.962 -8.122 13.343 -8.122 19.343 -0.087 -1.047 1.134
0.000 10.000 -6.928 14.000 -6.405 19.977 0.000 -1.047 1.134
0.000 10.000 -6.928 14.000 -6.928 20.000 0.000 -1.047 1.047
0.000 10.000 -6.928 14.000 -7.451 19.977 0.000 -1.047 0.960
0.000 10.000 -6.928 14.000 -7.970 19.909 0.000 -1.047 0.873
0.000 10.000 -6.928 14.000 -8.481 19.796 0.000 -1.047 0.785
0.000 10.000 -6.553 14.589 -7.595 20.497 0.000 -0.960 0.785
0.000 10.000 -6.128 15.142 -6.651 21.119 0.000 -0.873 0.785
0.000 10.000 -5.657 15.657 -5.657 21.657 0.000 -0.785 0.785