#a1_X a1_Y a2_X a2_Y a3_X a3_Y j_1 j_2 j_3
0.000 10.000 -0.697 17.970 -1.220 23.947 0.000 -0.087 0.000
0.000 10.000 -1.389 17.878 -2.431 23.787 0.000 -0.175 0.000
0.000 10.000 -2.071 17.727 -3.623 23.523 0.000 -0.262 0.000
0.000 10.000 -2.736 17.518 -4.788 23.156 0.000 -0.349 0.000
0.000 10.000 -3.381 17.250 -5.917 22.688 0.000 -0.436 0.000
0.000 10.000 -4.000 16.928 -7.000 22.124 0.000 -0.524 0.000
0.000 10.000 -4.589 16.553 -8.030 21.468 0.000 -0.611 0.000
0.000 10.000 -5.142 16.128 -8.999 20.725 0.000 -0.698 0.000
0.000 10.000 -5.657 15.657 -9.899 19.899 0.000 -0.785 0.000
0.000 10.000 -6.128 15.142 -10.725 18.999 0.000 -0.873 0.000
0.000 10.000 -6.553 14.589 -11.468 18.030 0.000 -0.960 0.000
0.000 10.000 -6.928 14.000 -12.124 17.000 0.000 -1.047 0.000
0.000 10.000 -6.553 14.589 -11.468 18.030 0.000 -0.960 0.000
0.000 10.000 -6.128 15.142 -10.725 18.999 0.000 -0.873 0.000
0.000 10.000 -5.657 15.657 -9.899 19.899 0.000 -0.785 0.000
0.000 10.000 -5.142 16.128 -8.999 20.725 0.000 -0.698 0.000
0.000 10.000 -4.589 16.553 -8.030 21.468 0.000 -0.611 0.000
0.000 10.000 -4.000 16.928 -7.000 22.124 0.000 -0.524 0.000
0.000 10.000 -3.381 17.250 -5.917 22.688 0.000 -0.436 0.000
0.000 10.000 -2.736 17.518 -4.788 23.156 0.000 -0.349 0.000
0.000 10.000 -2.071 17.727 -3.623 23.523 0.000 -0.262 0.000
0.000 10.000 -1.389 17.878 -2.431 23.787 0.000 -0.175 0.000
0.000 10.000 -0.697 17.970 -1.220 23.947 0.000 -0.087 0.000
0.000 10.000 0.000 18.000 0.000 24.000 0.000 0.000 0.000
0.000 10.000 0.697 17.970 1.220 23.947 0.000 0.087 0.000
0.000 10.000 1.389 17.878 2.431 23.787 0.000 0.175 0.000
0.000 10.000 2.071 17.727 3.623 23.523 0.000 0.262 0.000
0.000 10.000 2.736 17.518 4.788 23.156 0.000 0.349 0.000
0.000 10.000 2.736 17.518 5.272 22.955 0.000 0.349 0.087
0.000 10.000 2.736 17.518 5.736 22.714 0.000 0.349 0.175
0.000 10.000 2.736 17.518 6.178 22.432 0.000 0.349 0.262
0.000 10.000 2.736 17.518 6.593 22.114 0.000 0.349 0.349
0.000 10.000 2.736 17.518 6.979 21.760 0.000 0.349 0.436
0.000 10.000 2.736 17.518 7.332 21.374 0.000 0.349 0.524
0.000 10.000 2.736 17.518 6.979 21.760 0.000 0.349 0.436
0.000 10.000 2.736 17.518 6.593 22.114 0.000 0.349 0.349
0.000 10.000 2.736 17.518 6.178 22.432 0.000 0.349 0.262
0.000 10.000 2.736 17.518 5.736 22.714 0.000 0.349 0.175
0.000 10.000 2.071 17.727 4.606 23.165 0.000 0.262 0.175
0.000 10.000 1.389 17.878 3.441 23.517 0.000 0.175 0.175
0.000 10.000 0.697 17.970 2.250 23.765 0.000 0.087 0.175
0.000 10.000 0.000 18.000 1.042 23.909 0.000 0.000 0.175
0.000 10.000 -0.697 17.970 -0.174 23.947 0.000 -0.087 0.175
0.000 10.000 -1.389 17.878 -1.389 23.878 0.000 -0.175 0.175
0.000 10.000 -2.071 17.727 -2.593 23.705 0.000 -0.262 0.175
0.000 10.000 -2.736 17.518 -3.778 23.426 0.000 -0.349 0.175
0.000 10.000 -3.381 17.250 -4.934 23.046 0.000 -0.436 0.175
0.000 10.000 -2.736 17.518 -3.778 23.426 0.000 -0.349 0.175
0.000 10.000 -2.071 17.727 -2.593 23.705 0.000 -0.262 0.175
0.000 10.000 -1.389 17.878 -1.389 23.878 0.000 -0.175 0.175
0.000 10.000 -0.697 17.970 -0.174 23.947 0.000 -0.087 0.175
0.000 10.000 0.000 18.000 1.042 23.909 0.000 0.000 0.175
0.000 10.000 0.697 17.970 2.250 23.765 0.000 0.087 0.175
0.000 10.000 1.389 17.878 3.441 23.517 0.000 0.175 0.175
0.000 10.000 2.071 17.727 4.606 23.165 0.000 0.262 0.175
0.000 10.000 2.736 17.518 5.736 22.714 0.000 0.349 0.175
0.000 10.000 3.381 17.250 6.822 22.165 0.000 0.436 0.175
0.000 10.000 2.736 17.518 5.736 22.714 0.000 0.349 0.175
0.000 10.000 2.071 17.727 4.606 23.165 0.000 0.262 0.175
0.000 10.000 1.389 17.878 3.441 23.517 0.000 0.175 0.175
0.000 10.000 0.697 17.970 2.250 23.765 0.000 0.087 0.175
-0.872 9.962 -0.872 17.962 0.170 23.871 -0.087 0.087 0.175
-1.736 9.848 -2.434 17.818 -1.911 23.795 -0.175 0.087 0.175
-2.588 9.659 -3.977 17.538 -3.977 23.538 -0.262 0.087 0.175
-3.420 9.397 -5.491 17.124 -6.014 23.102 -0.349 0.087 0.175