#a1_X a1_Y a2_X a2_Y a3_X a3_Y j_1 j_2 j_3
0.872 9.962 1.569 17.932 2.092 23.909 0.087 0.000 0.000
0.872 9.962 1.569 17.932 1.569 23.932 0.087 0.000 -0.087
0.872 9.962 1.569 17.932 1.046 23.909 0.087 0.000 -0.175
0.872 9.962 1.569 17.932 0.527 23.840 0.087 0.000 -0.262
0.872 9.962 1.569 17.932 0.016 23.727 0.087 0.000 -0.349
0.872 9.962 1.569 17.932 -0.483 23.570 0.087 0.000 -0.436
0.872 9.962 1.569 17.932 -0.967 23.369 0.087 0.000 -0.524
0.872 9.962 1.569 17.932 -1.431 23.128 0.087 0.000 -0.611
0.872 9.962 1.569 17.932 -1.873 22.846 0.087 0.000 -0.698
0.872 9.962 1.569 17.932 -2.288 22.528 0.087 0.000 -0.785
0.872 9.962 1.569 17.932 -2.674 22.174 0.087 0.000 -0.873
0.872 9.962 1.569 17.932 -3.027 21.788 0.087 0.000 -0.960
0.872 9.962 1.569 17.932 -3.346 21.373 0.087 0.000 -1.047
0.872 9.962 1.569 17.932 -3.627 20.932 0.087 0.000 -1.134
0.872 9.962 1.569 17.932 -3.869 20.467 0.087 0.000 -1.222
0.872 9.962 1.569 17.932 -4.069 19.984 0.087 0.000 -1.309
0.872 9.962 1.569 17.932 -4.227 19.484 0.087 0.000 -1.396
0.872 9.962 1.569 17.932 -4.340 18.973 0.087 0.000 -1.484
0.872 9.962 1.569 17.932 -4.408 18.454 0.087 0.000 -1.571
0.872 9.962 2.261 17.840 -3.648 18.882 0.087 0.087 -1.571
0.872 9.962 2.942 17.689 -2.853 19.242 0.087 0.175 -1.571
0.000 10.000 1.389 17.878 -4.520 18.920 0.000 0.175 -1.571
-0.872 9.962 -0.174 17.932 -6.151 18.454 -0.087 0.175 -1.571
-1.736 9.848 -1.736 17.848 -7.736 17.848 -0.175 0.175 -1.571
-2.588 9.659 -3.285 17.629 -9.263 17.106 -0.262 0.175 -1.571
-2.588 9.659 -3.285 17.629 -9.285 17.629 -0.262 0.175 -1.484
-2.588 9.659 -3.285 17.629 -9.263 18.152 -0.262 0.175 -1.396
-2.588 9.659 -3.285 17.629 -9.194 18.671 -0.262 0.175 -1.309
-2.588 9.659 -3.285 17.629 -9.081 19.182 -0.262 0.175 -1.222
-3.420 9.397 -4.809 17.275 -10.718 18.317 -0.349 0.175 -1.222
-4.226 9.063 -6.297 16.790 -12.274 17.313 -0.436 0.175 -1.222
-5.000 8.660 -7.736 16.178 -13.736 16.178 -0.524 0.175 -1.222
-5.736 8.192 -9.117 15.442 -15.094 14.919 -0.611 0.175 -1.222
-5.736 8.192 -8.472 15.709 -14.472 15.709 -0.611 0.262 -1.222
-5.736 8.192 -7.806 15.919 -13.783 16.442 -0.611 0.349 -1.222
-5.736 8.192 -7.125 16.070 -13.034 17.112 -0.611 0.436 -1.222
-5.736 8.192 -6.433 16.161 -12.229 17.714 -0.611 0.524 -1.222
-5.736 8.192 -5.736 16.192 -11.374 18.244 -0.611 0.611 -1.222
-5.736 8.192 -5.039 16.161 -10.476 18.697 -0.611 0.698 -1.222
-5.736 8.192 -4.347 16.070 -9.543 19.070 -0.611 0.785 -1.222
-5.736 8.192 -3.665 15.919 -8.580 19.360 -0.611 0.873 -1.222
-5.736 8.192 -3.000 15.709 -7.596 19.566 -0.611 0.960 -1.222
-5.736 8.192 -3.000 15.709 -7.915 19.151 -0.611 0.960 -1.309
-5.736 8.192 -3.000 15.709 -8.196 18.709 -0.611 0.960 -1.396
-5.736 8.192 -3.000 15.709 -8.437 18.245 -0.611 0.960 -1.484
-5.736 8.192 -3.000 15.709 -8.638 17.761 -0.611 0.960 -1.571
-5.000 8.660 -1.619 15.911 -7.057 18.446 -0.524 0.960 -1.571
-4.226 9.063 -0.226 15.991 -5.422 18.991 -0.436 0.960 -1.571
-3.420 9.397 1.168 15.950 -3.747 19.392 -0.349 0.960 -1.571
-2.588 9.659 2.554 15.788 -2.042 19.644 -0.262 0.960 -1.571
-2.588 9.659 2.000 16.212 -2.914 19.654 -0.262 0.873 -1.571
-2.588 9.659 1.412 16.587 -3.784 19.587 -0.262 0.785 -1.571
-2.588 9.659 0.793 16.910 -4.645 19.445 -0.262 0.698 -1.571
-2.588 9.659 0.148 17.177 -5.490 19.229 -0.262 0.611 -1.571
-2.588 9.659 -0.518 17.387 -6.313 18.940 -0.262 0.524 -1.571
-2.588 9.659 -1.199 17.538 -7.108 18.580 -0.262 0.436 -1.571
-2.588 9.659 -1.199 17.538 -6.995 19.091 -0.262 0.436 -1.484
-2.588 9.659 -1.199 17.538 -6.837 19.590 -0.262 0.436 -1.396
-2.588 9.659 -1.199 17.538 -6.637 20.073 -0.262 0.436 -1.309
-2.588 9.659 -1.199 17.538 -6.395 20.538 -0.262 0.436 -1.222
-2.588 9.659 -1.199 17.538 -6.114 20.979 -0.262 0.436 -1.134
-2.588 9.659 -1.199 17.538 -5.795 21.394 -0.262 0.436 -1.047
-2.588 9.659 -1.199 17.538 -5.442 21.780 -0.262 0.436 -0.960
-2.588 9.659 -1.199 17.538 -5.056 22.134 -0.262 0.436 -0.873
-2.588 9.659 -1.199 17.538 -4.640 22.453 -0.262 0.436 -0.785
-2.588 9.659 -1.199 17.538 -4.199 22.734 -0.262 0.436 -0.698
-2.588 9.659 -1.199 17.538 -3.735 22.976 -0.262 0.436 -0.611
-2.588 9.659 -1.199 17.538 -3.251 23.176 -0.262 0.436 -0.524
-2.588 9.659 -1.199 17.538 -3.735 22.976 -0.262 0.436 -0.611
-2.588 9.659 -1.199 17.538 -4.199 22.734 -0.262 0.436 -0.698
-2.588 9.659 -1.199 17.538 -4.640 22.453 -0.262 0.436 -0.785
-2.588 9.659 -1.199 17.538 -5.056 22.134 -0.262 0.436 -0.873
-2.588 9.659 -1.199 17.538 -5.442 21.780 -0.262 0.436 -0.960
-2.588 9.659 -1.199 17.538 -5.795 21.394 -0.262 0.436 -1.047
-2.588 9.659 -1.199 17.538 -6.114 20.979 -0.262 0.436 -1.134
-2.588 9.659 -1.199 17.538 -6.395 20.538 -0.262 0.436 -1.222
-2.588 9.659 -1.199 17.538 -6.637 20.073 -0.262 0.436 -1.309
-2.588 9.659 -1.199 17.538 -6.837 19.590 -0.262 0.436 -1.396
-2.588 9.659 -1.199 17.538 -6.995 19.091 -0.262 0.436 -1.484
-2.588 9.659 -1.199 17.538 -7.108 18.580 -0.262 0.436 -1.571
-1.736 9.848 0.334 17.575 -5.461 19.128 -0.175 0.436 -1.571
-0.872 9.962 1.865 17.479 -3.774 19.532 -0.087 0.436 -1.571
0.000 10.000 3.381 17.250 -2.057 19.786 0.000 0.436 -1.571