#a1_X a1_Y a2_X a2_Y a3_X a3_Y j_1 j_2 j_3
0.000 10.000 -0.697 17.970 -1.220 23.947 0.000 -0.087 0.000
0.000 10.000 -1.389 17.878 -2.431 23.787 0.000 -0.175 0.000
0.000 10.000 -2.071 17.727 -3.623 23.523 0.000 -0.262 0.000
0.000 10.000 -2.736 17.518 -4.788 23.156 0.000 -0.349 0.000
0.000 10.000 -3.381 17.250 -5.917 22.688 0.000 -0.436 0.000
0.000 10.000 -4.000 16.928 -7.000 22.124 0.000 -0.524 0.000
0.000 10.000 -4.589 16.553 -8.030 21.468 0.000 -0.611 0.000
0.000 10.000 -5.142 16.128 -8.999 20.725 0.000 -0.698 0.000
0.000 10.000 -5.657 15.657 -9.899 19.899 0.000 -0.785 0.000
-0.872 9.962 -7.000 15.104 -11.596 18.961 -0.087 -0.785 0.000
-1.736 9.848 -8.290 14.437 -13.205 17.878 -0.175 -0.785 0.000
-2.588 9.659 -9.516 13.659 -14.713 16.659 -0.262 -0.785 0.000
-3.420 9.397 -10.671 12.778 -16.109 15.314 -0.349 -0.785 0.000
-2.588 9.659 -9.516 13.659 -14.713 16.659 -0.262 -0.785 0.000
-1.736 9.848 -8.290 14.437 -13.205 17.878 -0.175 -0.785 0.000
-0.872 9.962 -7.000 15.104 -11.596 18.961 -0.087 -0.785 0.000
0.000 10.000 -5.657 15.657 -9.899 19.899 0.000 -0.785 0.000
0.872 9.962 -4.271 16.090 -8.127 20.687 0.087 -0.785 0.000
1.736 9.848 -2.852 16.401 -6.294 21.316 0.175 -0.785 0.000
2.588 9.659 -1.412 16.587 -4.412 21.784 0.262 -0.785 0.000
2.588 9.659 -0.793 16.910 -3.328 22.348 0.262 -0.698 0.000
2.588 9.659 -0.148 17.177 -2.200 22.815 0.262 -0.611 0.000
2.588 9.659 0.518 17.387 -1.035 23.182 0.262 -0.524 0.000
2.588 9.659 -0.148 17.177 -2.200 22.815 0.262 -0.611 0.000
2.588 9.659 -0.793 16.910 -3.328 22.348 0.262 -0.698 0.000
2.588 9.659 -1.412 16.587 -4.412 21.784 0.262 -0.785 0.000
2.588 9.659 -2.000 16.212 -5.442 21.127 0.262 -0.873 0.000
2.588 9.659 -2.554 15.788 -6.411 20.384 0.262 -0.960 0.000
2.588 9.659 -3.069 15.316 -7.311 19.559 0.262 -1.047 0.000
2.588 9.659 -3.540 14.802 -8.136 18.658 0.262 -1.134 0.000
2.588 9.659 -3.965 14.248 -8.880 17.689 0.262 -1.222 0.000
2.588 9.659 -4.340 13.659 -9.536 16.659 0.262 -1.309 0.000
2.588 9.659 -4.662 13.040 -10.100 15.576 0.262 -1.396 0.000
2.588 9.659 -4.929 12.395 -10.568 14.448 0.262 -1.484 0.000
2.588 9.659 -5.139 11.730 -10.935 13.283 0.262 -1.571 0.000
2.588 9.659 -5.290 11.048 -11.199 12.090 0.262 -1.658 0.000
2.588 9.659 -5.381 10.357 -11.359 10.879 0.262 -1.745 0.000
2.588 9.659 -5.412 9.659 -11.412 9.659 0.262 -1.833 0.000
2.588 9.659 -5.381 8.962 -11.359 8.439 0.262 -1.920 0.000
2.588 9.659 -5.290 8.270 -11.199 7.228 0.262 -2.007 0.000
2.588 9.659 -5.139 7.589 -10.935 6.036 0.262 -2.094 0.000
3.420 9.397 -4.458 8.008 -10.367 6.966 0.349 -2.094 0.000
4.226 9.063 -3.743 8.366 -9.721 7.843 0.436 -2.094 0.000
5.000 8.660 -3.000 8.660 -9.000 8.660 0.524 -2.094 0.000
5.736 8.192 -2.234 8.889 -8.211 9.412 0.611 -2.094 0.000
6.428 7.660 -1.451 9.050 -7.359 10.092 0.698 -2.094 0.000
7.071 7.071 -0.656 9.142 -6.452 10.695 0.785 -2.094 0.000
7.660 6.428 0.143 9.164 -5.495 11.216 0.873 -2.094 0.000
8.192 5.736 0.941 9.117 -4.497 11.652 0.960 -2.094 0.000
8.660 5.000 1.732 9.000 -3.464 12.000 1.047 -2.094 0.000
9.063 4.226 2.510 8.815 -2.405 12.256 1.134 -2.094 0.000
9.397 3.420 3.269 8.563 -1.328 12.419 1.222 -2.094 0.000
9.659 2.588 4.002 8.245 -0.240 12.488 1.309 -2.094 0.000
9.848 1.736 4.706 7.865 0.849 12.461 1.396 -2.094 0.000
9.848 1.736 4.706 7.865 0.463 12.107 1.396 -2.094 -0.087
9.848 1.736 4.706 7.865 0.110 11.722 1.396 -2.094 -0.175
9.848 1.736 4.706 7.865 -0.209 11.306 1.396 -2.094 -0.262
9.848 1.736 4.706 7.865 -0.490 10.865 1.396 -2.094 -0.349
9.848 1.736 5.259 8.290 0.345 11.731 1.396 -2.007 -0.349
9.848 1.736 5.848 8.665 1.252 12.521 1.396 -1.920 -0.349
9.659 2.588 5.071 9.141 0.156 12.583 1.309 -1.920 -0.349
9.397 3.420 4.255 9.549 -0.942 12.549 1.222 -1.920 -0.349
9.063 4.226 3.406 9.883 -2.032 12.419 1.134 -1.920 -0.349
8.660 5.000 2.532 10.142 -3.106 12.194 1.047 -1.920 -0.349
8.192 5.736 1.638 10.324 -4.157 11.877 0.960 -1.920 -0.349
7.660 6.428 0.732 10.428 -5.177 11.470 0.873 -1.920 -0.349
7.071 7.071 -0.179 10.452 -6.157 10.975 0.785 -1.920 -0.349
6.428 7.660 -1.090 10.397 -7.090 10.397 0.698 -1.920 -0.349
5.736 8.192 -1.992 10.262 -7.969 9.739 0.611 -1.920 -0.349
5.000 8.660 -2.878 10.049 -8.787 9.008 0.524 -1.920 -0.349
4.226 9.063 -3.743 9.760 -9.539 8.207 0.436 -1.920 -0.349
3.420 9.397 -4.580 9.397 -10.218 7.345 0.349 -1.920 -0.349
2.588 9.659 -5.381 8.962 -10.819 6.426 0.262 -1.920 -0.349
1.736 9.848 -6.142 8.459 -11.338 5.459 0.175 -1.920 -0.349
0.872 9.962 -6.856 7.891 -11.771 4.450 0.087 -1.920 -0.349
0.000 10.000 -7.518 7.264 -12.114 3.407 0.000 -1.920 -0.349
-0.872 9.962 -8.122 6.581 -12.365 2.338 -0.087 -1.920 -0.349
-1.736 9.848 -8.665 5.848 -12.521 1.252 -0.175 -1.920 -0.349
-1.736 9.848 -8.665 5.848 -12.106 0.933 -0.175 -1.920 -0.436
-1.736 9.848 -8.665 5.848 -11.665 0.652 -0.175 -1.920 -0.524
-1.736 9.848 -8.665 5.848 -11.200 0.410 -0.175 -1.920 -0.611
-1.736 9.848 -8.665 5.848 -10.717 0.210 -0.175 -1.920 -0.698
-1.736 9.848 -8.665 5.848 -10.218 0.053 -0.175 -1.920 -0.785
-0.872 9.962 -8.122 6.581 -10.174 0.943 -0.087 -1.920 -0.785
0.000 10.000 -7.518 7.264 -10.053 1.826 0.000 -1.920 -0.785
0.872 9.962 -6.856 7.891 -9.856 2.695 0.087 -1.920 -0.785
1.736 9.848 -6.142 8.459 -9.583 3.544 0.175 -1.920 -0.785
2.588 9.659 -5.381 8.962 -9.238 4.366 0.262 -1.920 -0.785
3.420 9.397 -4.580 9.397 -8.822 5.154 0.349 -1.920 -0.785
4.226 9.063 -3.743 9.760 -8.340 5.904 0.436 -1.920 -0.785
5.000 8.660 -2.878 10.049 -7.793 6.608 0.524 -1.920 -0.785
5.736 8.192 -1.992 10.262 -7.188 7.262 0.611 -1.920 -0.785
6.428 7.660 -1.090 10.397 -6.528 7.861 0.698 -1.920 -0.785
7.071 7.071 -0.179 10.452 -5.818 8.400 0.785 -1.920 -0.785
7.660 6.428 0.732 10.428 -5.063 8.875 0.873 -1.920 -0.785
8.192 5.736 1.638 10.324 -4.271 9.282 0.960 -1.920 -0.785
8.660 5.000 2.532 10.142 -3.445 9.619 1.047 -1.920 -0.785
9.063 4.226 3.406 9.883 -2.594 9.883 1.134 -1.920 -0.785
9.397 3.420 4.255 9.549 -1.723 10.071 1.222 -1.920 -0.785
9.659 2.588 5.071 9.141 -0.838 10.183 1.309 -1.920 -0.785
9.848 1.736 5.848 8.665 0.053 10.218 1.396 -1.920 -0.785
9.848 1.736 5.848 8.665 0.210 10.717 1.396 -1.920 -0.698
9.848 1.736 5.848 8.665 0.410 11.200 1.396 -1.920 -0.611
9.848 1.736 5.848 8.665 0.652 11.665 1.396 -1.920 -0.524
9.848 1.736 5.848 8.665 0.933 12.106 1.396 -1.920 -0.436
9.848 1.736 5.848 8.665 1.252 12.521 1.396 -1.920 -0.349
9.848 1.736 5.259 8.290 0.345 11.731 1.396 -2.007 -0.349
9.848 1.736 4.706 7.865 -0.490 10.865 1.396 -2.094 -0.349
9.659 2.588 4.002 8.245 -1.435 10.781 1.309 -2.094 -0.349
9.397 3.420 3.269 8.563 -2.370 10.615 1.222 -2.094 -0.349
9.063 4.226 2.510 8.815 -3.286 10.368 1.134 -2.094 -0.349
8.660 5.000 1.732 9.000 -4.177 10.042 1.047 -2.094 -0.349
8.192 5.736 0.941 9.117 -5.036 9.640 0.960 -2.094 -0.349
8.660 5.000 1.732 9.000 -4.177 10.042 1.047 -2.094 -0.349
9.063 4.226 2.510 8.815 -3.286 10.368 1.134 -2.094 -0.349
9.397 3.420 3.269 8.563 -2.370 10.615 1.222 -2.094 -0.349
9.659 2.588 4.002 8.245 -1.435 10.781 1.309 -2.094 -0.349
9.848 1.736 4.706 7.865 -0.490 10.865 1.396 -2.094 -0.349
9.962 0.872 5.373 7.425 0.458 10.866 1.484 -2.094 -0.349
9.848 1.736 4.706 7.865 -0.490 10.865 1.396 -2.094 -0.349
9.659 2.588 4.002 8.245 -1.435 10.781 1.309 -2.094 -0.349
9.397 3.420 3.269 8.563 -2.370 10.615 1.222 -2.094 -0.349
9.063 4.226 2.510 8.815 -3.286 10.368 1.134 -2.094 -0.349
8.660 5.000 1.732 9.000 -4.177 10.042 1.047 -2.094 -0.349
8.192 5.736 0.941 9.117 -5.036 9.640 0.960 -2.094 -0.349
7.660 6.428 0.143 9.164 -5.857 9.164 0.873 -2.094 -0.349
7.071 7.071 -0.656 9.142 -6.634 8.619 0.785 -2.094 -0.349
6.428 7.660 -1.451 9.050 -7.359 8.008 0.698 -2.094 -0.349
7.071 7.071 -0.656 9.142 -6.634 8.619 0.785 -2.094 -0.349
7.660 6.428 0.143 9.164 -5.857 9.164 0.873 -2.094 -0.349
8.192 5.736 0.941 9.117 -5.036 9.640 0.960 -2.094 -0.349
8.660 5.000 1.732 9.000 -4.177 10.042 1.047 -2.094 -0.349
9.063 4.226 2.510 8.815 -3.286 10.368 1.134 -2.094 -0.349
9.397 3.420 3.269 8.563 -2.370 10.615 1.222 -2.094 -0.349
9.659 2.588 4.002 8.245 -1.435 10.781 1.309 -2.094 -0.349
9.848 1.736 4.706 7.865 -0.490 10.865 1.396 -2.094 -0.349
9.962 0.872 5.373 7.425 0.458 10.866 1.484 -2.094 -0.349