#a1_X a1_Y a2_X a2_Y a3_X a3_Y j_1 j_2 j_3
0.000 10.000 0.000 18.000 -0.523 23.977 0.000 0.000 -0.087
0.000 10.000 0.000 18.000 -1.042 23.909 0.000 0.000 -0.175
0.000 10.000 0.000 18.000 -1.553 23.796 0.000 0.000 -0.262
0.000 10.000 0.000 18.000 -2.052 23.638 0.000 0.000 -0.349
0.000 10.000 0.000 18.000 -2.536 23.438 0.000 0.000 -0.436
0.000 10.000 0.000 18.000 -3.000 23.196 0.000 0.000 -0.524
0.000 10.000 0.000 18.000 -3.441 22.915 0.000 0.000 -0.611
0.000 10.000 0.000 18.000 -3.857 22.596 0.000 0.000 -0.698
0.000 10.000 0.000 18.000 -4.243 22.243 0.000 0.000 -0.785
0.000 10.000 0.000 18.000 -4.596 21.857 0.000 0.000 -0.873
0.000 10.000 0.000 18.000 -4.915 21.441 0.000 0.000 -0.960
0.000 10.000 0.000 18.000 -5.196 21.000 0.000 0.000 -1.047
0.000 10.000 0.000 18.000 -5.438 20.536 0.000 0.000 -1.134
0.000 10.000 0.000 18.000 -5.638 20.052 0.000 0.000 -1.222
0.000 10.000 0.000 18.000 -5.796 19.553 0.000 0.000 -1.309
0.000 10.000 0.000 18.000 -5.909 19.042 0.000 0.000 -1.396
0.000 10.000 -0.697 17.970 -6.674 18.492 0.000 -0.087 -1.396
0.000 10.000 -1.389 17.878 -7.389 17.878 0.000 -0.175 -1.396
0.000 10.000 -2.071 17.727 -8.048 17.204 0.000 -0.262 -1.396
0.000 10.000 -2.071 17.727 -8.071 17.727 0.000 -0.262 -1.309
0.000 10.000 -2.071 17.727 -8.048 18.250 0.000 -0.262 -1.222
0.000 10.000 -2.071 17.727 -7.979 18.769 0.000 -0.262 -1.134
0.000 10.000 -2.071 17.727 -7.866 19.280 0.000 -0.262 -1.047
0.000 10.000 -2.071 17.727 -7.709 19.780 0.000 -0.262 -0.960
0.000 10.000 -2.071 17.727 -7.508 20.263 0.000 -0.262 -0.873
0.000 10.000 -2.071 17.727 -7.267 20.727 0.000 -0.262 -0.785
0.000 10.000 -2.071 17.727 -6.985 21.169 0.000 -0.262 -0.698
0.000 10.000 -2.071 17.727 -6.667 21.584 0.000 -0.262 -0.611
0.000 10.000 -2.071 17.727 -6.313 21.970 0.000 -0.262 -0.524
0.000 10.000 -2.071 17.727 -5.927 22.324 0.000 -0.262 -0.436
0.000 10.000 -2.071 17.727 -5.512 22.642 0.000 -0.262 -0.349
-0.872 9.962 -3.608 17.479 -7.464 22.076 -0.087 -0.262 -0.349
-1.736 9.848 -5.117 17.099 -9.360 21.341 -0.175 -0.262 -0.349
-2.588 9.659 -6.588 16.587 -11.184 20.444 -0.262 -0.262 -0.349
-3.420 9.397 -8.009 15.950 -12.924 19.392 -0.349 -0.262 -0.349
-4.226 9.063 -9.368 15.191 -14.565 18.191 -0.436 -0.262 -0.349
-5.000 8.660 -10.657 14.317 -16.095 16.853 -0.524 -0.262 -0.349
-5.736 8.192 -11.864 13.334 -17.502 15.386 -0.611 -0.262 -0.349
-6.428 7.660 -12.981 12.249 -18.777 13.802 -0.698 -0.262 -0.349
-7.071 7.071 -13.999 11.071 -19.908 12.113 -0.785 -0.262 -0.349
-6.428 7.660 -12.981 12.249 -18.777 13.802 -0.698 -0.262 -0.349
-5.736 8.192 -11.864 13.334 -17.502 15.386 -0.611 -0.262 -0.349
-5.000 8.660 -10.657 14.317 -16.095 16.853 -0.524 -0.262 -0.349
-4.226 9.063 -9.368 15.191 -14.565 18.191 -0.436 -0.262 -0.349
-3.420 9.397 -8.009 15.950 -12.924 19.392 -0.349 -0.262 -0.349
-2.588 9.659 -6.588 16.587 -11.184 20.444 -0.262 -0.262 -0.349
-1.736 9.848 -5.117 17.099 -9.360 21.341 -0.175 -0.262 -0.349
-0.872 9.962 -3.608 17.479 -7.464 22.076 -0.087 -0.262 -0.349
0.000 10.000 -2.071 17.727 -5.512 22.642 0.000 -0.262 -0.349
0.000 10.000 -2.736 17.518 -6.593 22.114 0.000 -0.349 -0.349
0.000 10.000 -3.381 17.250 -7.624 21.493 0.000 -0.436 -0.349
0.000 10.000 -4.000 16.928 -8.596 20.785 0.000 -0.524 -0.349
0.000 10.000 -4.589 16.553 -9.504 19.995 0.000 -0.611 -0.349
0.000 10.000 -4.000 16.928 -8.596 20.785 0.000 -0.524 -0.349
0.000 10.000 -3.381 17.250 -7.624 21.493 0.000 -0.436 -0.349
0.000 10.000 -2.736 17.518 -6.593 22.114 0.000 -0.349 -0.349
0.000 10.000 -2.071 17.727 -5.512 22.642 0.000 -0.262 -0.349
0.000 10.000 -1.389 17.878 -4.389 23.075 0.000 -0.175 -0.349
0.000 10.000 -0.697 17.970 -3.233 23.407 0.000 -0.087 -0.349
0.000 10.000 0.000 18.000 -2.052 23.638 0.000 0.000 -0.349
0.000 10.000 0.000 18.000 -2.536 23.438 0.000 0.000 -0.436
0.000 10.000 0.000 18.000 -3.000 23.196 0.000 0.000 -0.524
0.000 10.000 0.000 18.000 -3.441 22.915 0.000 0.000 -0.611
0.000 10.000 0.000 18.000 -3.857 22.596 0.000 0.000 -0.698