#a1_X a1_Y a2_X a2_Y a3_X a3_Y j_1 j_2 j_3
0.000 10.000 0.697 17.970 1.220 23.947 0.000 0.087 0.000
0.000 10.000 1.389 17.878 2.431 23.787 0.000 0.175 0.000
0.000 10.000 2.071 17.727 3.623 23.523 0.000 0.262 0.000
0.000 10.000 2.736 17.518 4.788 23.156 0.000 0.349 0.000
0.000 10.000 3.381 17.250 5.917 22.688 0.000 0.436 0.000
0.000 10.000 3.381 17.250 5.433 22.889 0.000 0.436 -0.087
0.000 10.000 3.381 17.250 4.934 23.046 0.000 0.436 -0.175
0.000 10.000 3.381 17.250 4.423 23.159 0.000 0.436 -0.262
0.000 10.000 3.381 17.250 3.904 23.228 0.000 0.436 -0.349
0.000 10.000 3.381 17.250 3.381 23.250 0.000 0.436 -0.436
0.000 10.000 3.381 17.250 2.858 23.228 0.000 0.436 -0.524
0.000 10.000 3.381 17.250 2.339 23.159 0.000 0.436 -0.611
0.000 10.000 3.381 17.250 1.828 23.046 0.000 0.436 -0.698
0.000 10.000 3.381 17.250 1.329 22.889 0.000 0.436 -0.785
0.000 10.000 3.381 17.250 1.828 23.046 0.000 0.436 -0.698
0.000 10.000 3.381 17.250 2.339 23.159 0.000 0.436 -0.611
0.000 10.000 3.381 17.250 2.858 23.228 0.000 0.436 -0.524
0.000 10.000 3.381 17.250 3.381 23.250 0.000 0.436 -0.436
0.000 10.000 3.381 17.250 3.904 23.228 0.000 0.436 -0.349
0.000 10.000 3.381 17.250 4.423 23.159 0.000 0.436 -0.262
0.000 10.000 3.381 17.250 4.934 23.046 0.000 0.436 -0.175
0.000 10.000 3.381 17.250 5.433 22.889 0.000 0.436 -0.087
0.000 10.000 3.381 17.250 5.917 22.688 0.000 0.436 0.000
0.000 10.000 3.381 17.250 6.381 22.447 0.000 0.436 0.087
0.000 10.000 3.381 17.250 6.822 22.165 0.000 0.436 0.175
0.000 10.000 3.381 17.250 7.238 21.847 0.000 0.436 0.262
0.000 10.000 3.381 17.250 7.624 21.493 0.000 0.436 0.349
0.000 10.000 3.381 17.250 7.977 21.107 0.000 0.436 0.436
0.000 10.000 3.381 17.250 8.296 20.692 0.000 0.436 0.524
0.000 10.000 3.381 17.250 8.577 20.250 0.000 0.436 0.611
0.000 10.000 3.381 17.250 8.819 19.786 0.000 0.436 0.698
0.000 10.000 3.381 17.250 9.019 19.303 0.000 0.436 0.785
-0.872 9.962 1.865 17.479 7.302 20.015 -0.087 0.436 0.785
-1.736 9.848 0.334 17.575 5.530 20.575 -0.175 0.436 0.785
-2.588 9.659 -1.199 17.538 3.716 20.979 -0.262 0.436 0.785
-3.420 9.397 -2.723 17.366 1.873 21.223 -0.349 0.436 0.785
-4.226 9.063 -4.226 17.063 0.016 21.306 -0.436 0.436 0.785
-5.000 8.660 -5.697 16.630 -1.841 21.226 -0.524 0.436 0.785
-5.736 8.192 -7.125 16.070 -3.683 20.985 -0.611 0.436 0.785
-6.428 7.660 -8.498 15.388 -5.498 20.584 -0.698 0.436 0.785
-7.071 7.071 -9.807 14.589 -7.272 20.026 -0.785 0.436 0.785
-7.660 6.428 -11.041 13.678 -8.989 19.316 -0.873 0.436 0.785
-8.192 5.736 -12.192 12.664 -10.639 18.460 -0.960 0.436 0.785
-8.660 5.000 -13.249 11.553 -12.207 17.462 -1.047 0.436 0.785
-9.063 4.226 -14.205 10.355 -13.682 16.332 -1.134 0.436 0.785
-9.063 4.226 -13.652 10.779 -12.610 16.688 -1.134 0.524 0.785
-9.063 4.226 -13.063 11.154 -11.510 16.950 -1.134 0.611 0.785
-9.063 4.226 -12.444 11.477 -10.392 17.115 -1.134 0.698 0.785
-9.063 4.226 -11.799 11.744 -9.264 17.182 -1.134 0.785 0.785
-9.063 4.226 -11.134 11.954 -8.134 17.150 -1.134 0.873 0.785
-9.063 4.226 -10.452 12.105 -7.011 17.020 -1.134 0.960 0.785
-9.063 4.226 -9.760 12.196 -5.904 16.792 -1.134 1.047 0.785
-9.063 4.226 -9.063 12.226 -4.820 16.469 -1.134 1.134 0.785
-9.063 4.226 -8.366 12.196 -3.770 16.052 -1.134 1.222 0.785
-9.063 4.226 -7.674 12.105 -2.759 15.546 -1.134 1.309 0.785
-9.063 4.226 -6.993 11.954 -1.796 14.954 -1.134 1.396 0.785
-9.063 4.226 -6.327 11.744 -0.889 14.279 -1.134 1.484 0.785
-9.063 4.226 -5.682 11.477 -0.044 13.529 -1.134 1.571 0.785
-9.063 4.226 -5.063 11.154 0.732 12.707 -1.134 1.658 0.785
-9.063 4.226 -4.474 10.779 1.434 11.821 -1.134 1.745 0.785
-9.063 4.226 -3.921 10.355 2.056 10.877 -1.134 1.833 0.785
-9.063 4.226 -3.406 9.883 2.594 9.883 -1.134 1.920 0.785
-9.063 4.226 -2.935 9.368 3.042 8.846 -1.134 2.007 0.785
-9.397 3.420 -3.740 9.077 2.260 9.077 -1.222 2.007 0.785
-9.659 2.588 -4.517 8.717 1.460 9.239 -1.309 2.007 0.785
-9.848 1.736 -5.259 8.290 0.649 9.332 -1.396 2.007 0.785
-9.962 0.872 -5.962 7.800 -0.166 9.353 -1.484 2.007 0.785
-10.000 0.000 -6.619 7.250 -0.981 9.303 -1.571 2.007 0.785
-10.000 0.000 -7.264 7.518 -1.826 10.053 -1.571 1.920 0.785
-10.000 0.000 -7.929 7.727 -2.733 10.727 -1.571 1.833 0.785
-10.000 0.000 -8.611 7.878 -3.696 11.320 -1.571 1.745 0.785
-10.000 0.000 -9.303 7.970 -4.706 11.826 -1.571 1.658 0.785
-10.000 0.000 -10.000 8.000 -5.757 12.243 -1.571 1.571 0.785
-10.000 0.000 -10.697 7.970 -6.841 12.566 -1.571 1.484 0.785
-10.000 0.000 -11.389 7.878 -7.948 12.793 -1.571 1.396 0.785
-10.000 0.000 -12.071 7.727 -9.071 12.924 -1.571 1.309 0.785
-10.000 0.000 -12.736 7.518 -10.200 12.955 -1.571 1.222 0.785
-10.000 0.000 -13.381 7.250 -11.329 12.889 -1.571 1.134 0.785
-10.000 0.000 -14.000 6.928 -12.447 12.724 -1.571 1.047 0.785
-10.000 0.000 -14.589 6.553 -13.547 12.462 -1.571 0.960 0.785
-10.000 0.000 -15.142 6.128 -14.619 12.106 -1.571 0.873 0.785
-10.000 0.000 -15.657 5.657 -15.657 11.657 -1.571 0.785 0.785
-10.000 0.000 -15.657 5.657 -15.134 11.634 -1.571 0.785 0.873
-10.000 0.000 -15.657 5.657 -14.615 11.566 -1.571 0.785 0.960
-10.000 0.000 -15.657 5.657 -14.104 11.452 -1.571 0.785 1.047
-10.000 0.000 -15.657 5.657 -13.605 11.295 -1.571 0.785 1.134
-10.000 0.000 -15.657 5.657 -13.121 11.095 -1.571 0.785 1.222
-10.000 0.000 -15.657 5.657 -12.657 10.853 -1.571 0.785 1.309
-10.000 0.000 -15.657 5.657 -12.215 10.572 -1.571 0.785 1.396
-10.000 0.000 -15.657 5.657 -12.657 10.853 -1.571 0.785 1.309
-10.000 0.000 -15.657 5.657 -13.121 11.095 -1.571 0.785 1.222
-10.000 0.000 -15.657 5.657 -13.605 11.295 -1.571 0.785 1.134
-10.000 0.000 -15.657 5.657 -14.104 11.452 -1.571 0.785 1.047
-10.000 0.000 -15.657 5.657 -14.615 11.566 -1.571 0.785 0.960
-10.000 0.000 -15.657 5.657 -15.134 11.634 -1.571 0.785 0.873
-10.000 0.000 -15.657 5.657 -15.657 11.657 -1.571 0.785 0.785