#a1_X a1_Y a2_X a2_Y a3_X a3_Y j_1 j_2 j_3
0.000 10.000 0.000 18.000 0.523 23.977 0.000 0.000 0.087
0.000 10.000 0.000 18.000 1.042 23.909 0.000 0.000 0.175
0.000 10.000 0.000 18.000 1.553 23.796 0.000 0.000 0.262
0.000 10.000 0.000 18.000 2.052 23.638 0.000 0.000 0.349
0.000 10.000 0.000 18.000 2.536 23.438 0.000 0.000 0.436
0.000 10.000 0.000 18.000 3.000 23.196 0.000 0.000 0.524
0.000 10.000 0.000 18.000 3.441 22.915 0.000 0.000 0.611
0.000 10.000 0.000 18.000 3.857 22.596 0.000 0.000 0.698
0.000 10.000 0.000 18.000 4.243 22.243 0.000 0.000 0.785
0.000 10.000 0.000 18.000 4.596 21.857 0.000 0.000 0.873
0.000 10.000 0.000 18.000 4.915 21.441 0.000 0.000 0.960
0.000 10.000 0.000 18.000 5.196 21.000 0.000 0.000 1.047
0.000 10.000 0.000 18.000 5.438 20.536 0.000 0.000 1.134
0.000 10.000 0.000 18.000 5.638 20.052 0.000 0.000 1.222
0.000 10.000 0.000 18.000 5.796 19.553 0.000 0.000 1.309
0.000 10.000 0.000 18.000 5.909 19.042 0.000 0.000 1.396
0.000 10.000 0.000 18.000 5.977 18.523 0.000 0.000 1.484
0.000 10.000 0.000 18.000 6.000 18.000 0.000 0.000 1.571
0.000 10.000 0.000 18.000 5.977 18.523 0.000 0.000 1.484
0.000 10.000 0.000 18.000 5.909 19.042 0.000 0.000 1.396
0.000 10.000 0.000 18.000 5.796 19.553 0.000 0.000 1.309
0.000 10.000 0.000 18.000 5.638 20.052 0.000 0.000 1.222
0.000 10.000 0.000 18.000 5.438 20.536 0.000 0.000 1.134
0.000 10.000 0.000 18.000 5.196 21.000 0.000 0.000 1.047
0.000 10.000 0.000 18.000 4.915 21.441 0.000 0.000 0.960
0.000 10.000 0.000 18.000 5.196 21.000 0.000 0.000 1.047
0.000 10.000 0.000 18.000 5.438 20.536 0.000 0.000 1.134
0.000 10.000 0.000 18.000 5.638 20.052 0.000 0.000 1.222
0.000 10.000 0.000 18.000 5.796 19.553 0.000 0.000 1.309
0.000 10.000 -0.697 17.970 4.941 20.022 0.000 -0.087 1.309
0.000 10.000 -1.389 17.878 4.049 20.414 0.000 -0.175 1.309
0.000 10.000 -2.071 17.727 3.126 20.727 0.000 -0.262 1.309
0.000 10.000 -2.736 17.518 2.179 20.959 0.000 -0.349 1.309
0.000 10.000 -3.381 17.250 1.215 21.107 0.000 -0.436 1.309
0.000 10.000 -4.000 16.928 0.243 21.171 0.000 -0.524 1.309
0.000 10.000 -4.589 16.553 -0.732 21.149 0.000 -0.611 1.309
0.000 10.000 -5.142 16.128 -1.701 21.043 0.000 -0.698 1.309
0.000 10.000 -5.657 15.657 -2.657 20.853 0.000 -0.785 1.309
0.000 10.000 -6.128 15.142 -3.593 20.580 0.000 -0.873 1.309
0.000 10.000 -6.553 14.589 -4.501 20.227 0.000 -0.960 1.309
0.000 10.000 -6.928 14.000 -5.375 19.796 0.000 -1.047 1.309
0.000 10.000 -7.250 13.381 -6.209 19.290 0.000 -1.134 1.309
0.000 10.000 -7.518 12.736 -6.995 18.713 0.000 -1.222 1.309
0.000 10.000 -7.727 12.071 -7.727 18.071 0.000 -1.309 1.309
0.000 10.000 -7.878 11.389 -8.401 17.366 0.000 -1.396 1.309
0.000 10.000 -7.970 10.697 -9.011 16.606 0.000 -1.484 1.309
0.000 10.000 -8.000 10.000 -9.553 15.796 0.000 -1.571 1.309
0.000 10.000 -7.970 10.697 -9.011 16.606 0.000 -1.484 1.309
0.000 10.000 -7.878 11.389 -8.401 17.366 0.000 -1.396 1.309
0.000 10.000 -7.727 12.071 -7.727 18.071 0.000 -1.309 1.309
0.000 10.000 -7.518 12.736 -6.995 18.713 0.000 -1.222 1.309
0.000 10.000 -7.518 12.736 -6.476 18.645 0.000 -1.222 1.396
0.000 10.000 -7.518 12.736 -5.965 18.532 0.000 -1.222 1.484
0.000 10.000 -7.518 12.736 -5.465 18.374 0.000 -1.222 1.571
0.000 10.000 -7.727 12.071 -6.174 17.866 0.000 -1.309 1.571
0.000 10.000 -7.878 11.389 -6.837 17.298 0.000 -1.396 1.571
0.000 10.000 -7.970 10.697 -7.447 16.674 0.000 -1.484 1.571
0.000 10.000 -8.000 10.000 -8.000 16.000 0.000 -1.571 1.571
0.000 10.000 -7.970 9.303 -8.492 15.280 0.000 -1.658 1.571
0.000 10.000 -7.878 8.611 -8.920 14.520 0.000 -1.745 1.571
0.000 10.000 -7.727 7.929 -9.280 13.725 0.000 -1.833 1.571
0.000 10.000 -7.518 7.264 -9.570 12.902 0.000 -1.920 1.571
0.000 10.000 -7.250 6.619 -9.786 12.057 0.000 -2.007 1.571
0.000 10.000 -6.928 6.000 -9.928 11.196 0.000 -2.094 1.571
0.000 10.000 -7.250 6.619 -9.786 12.057 0.000 -2.007 1.571
0.000 10.000 -7.518 7.264 -9.570 12.902 0.000 -1.920 1.571
0.000 10.000 -7.727 7.929 -9.280 13.725 0.000 -1.833 1.571
0.000 10.000 -7.878 8.611 -8.920 14.520 0.000 -1.745 1.571
0.000 10.000 -7.970 9.303 -8.492 15.280 0.000 -1.658 1.571
0.000 10.000 -8.000 10.000 -8.000 16.000 0.000 -1.571 1.571
0.000 10.000 -7.970 10.697 -7.447 16.674 0.000 -1.484 1.571
0.000 10.000 -7.878 11.389 -6.837 17.298 0.000 -1.396 1.571
0.000 10.000 -7.727 12.071 -6.174 17.866 0.000 -1.309 1.571
0.000 10.000 -7.518 12.736 -5.465 18.374 0.000 -1.222 1.571
0.000 10.000 -7.250 13.381 -4.715 18.819 0.000 -1.134 1.571
0.000 10.000 -6.928 14.000 -3.928 19.196 0.000 -1.047 1.571
0.000 10.000 -6.553 14.589 -3.112 19.504 0.000 -0.960 1.571
0.000 10.000 -6.128 15.142 -2.272 19.739 0.000 -0.873 1.571
0.000 10.000 -5.657 15.657 -1.414 19.899 0.000 -0.785 1.571
0.000 10.000 -5.142 16.128 -0.546 19.985 0.000 -0.698 1.571
0.000 10.000 -4.589 16.553 0.326 19.995 0.000 -0.611 1.571
0.000 10.000 -4.000 16.928 1.196 19.928 0.000 -0.524 1.571
0.000 10.000 -3.381 17.250 2.057 19.786 0.000 -0.436 1.571
0.000 10.000 -2.736 17.518 2.902 19.570 0.000 -0.349 1.571
0.000 10.000 -2.071 17.727 3.725 19.280 0.000 -0.262 1.571
0.000 10.000 -1.389 17.878 4.520 18.920 0.000 -0.175 1.571
0.000 10.000 -0.697 17.970 5.280 18.492 0.000 -0.087 1.571
0.000 10.000 -0.000 18.000 6.000 18.000 0.000 -0.000 1.571
0.000 10.000 0.697 17.970 6.674 17.447 0.000 0.087 1.571
0.872 9.962 2.261 17.840 8.170 16.799 0.087 0.087 1.571
0.872 9.962 2.261 17.840 8.238 17.317 0.087 0.087 1.484
0.872 9.962 2.261 17.840 8.261 17.840 0.087 0.087 1.396
0.872 9.962 2.261 17.840 8.238 18.363 0.087 0.087 1.309
0.872 9.962 2.261 17.840 8.170 18.882 0.087 0.087 1.222
0.872 9.962 1.569 17.932 7.364 19.484 0.087 -0.000 1.222
0.872 9.962 0.872 17.962 6.510 20.014 0.087 -0.087 1.222
0.872 9.962 0.174 17.932 5.612 20.467 0.087 -0.175 1.222
0.872 9.962 -0.518 17.840 4.679 20.840 0.087 -0.262 1.222
0.872 9.962 -1.199 17.689 3.716 21.131 0.087 -0.349 1.222
0.872 9.962 -1.199 17.689 3.397 21.546 0.087 -0.349 1.134
0.872 9.962 -1.199 17.689 3.044 21.932 0.087 -0.349 1.047
0.872 9.962 -1.199 17.689 2.658 22.286 0.087 -0.349 0.960
0.872 9.962 -1.199 17.689 2.242 22.604 0.087 -0.349 0.873
0.000 10.000 -2.736 17.518 0.264 22.714 0.000 -0.349 0.873
-0.872 9.962 -4.253 17.212 -1.717 22.650 -0.087 -0.349 0.873
-1.736 9.848 -5.736 16.776 -3.684 22.414 -0.175 -0.349 0.873
-2.588 9.659 -7.177 16.212 -5.624 22.008 -0.262 -0.349 0.873
-3.420 9.397 -8.563 15.525 -7.521 21.434 -0.349 -0.349 0.873
-4.226 9.063 -9.883 14.720 -9.360 20.697 -0.436 -0.349 0.873
-5.000 8.660 -11.128 13.803 -11.128 19.803 -0.524 -0.349 0.873
-5.736 8.192 -12.289 12.780 -12.812 18.757 -0.611 -0.349 0.873
-6.428 7.660 -13.356 11.660 -14.398 17.569 -0.698 -0.349 0.873
-7.071 7.071 -14.322 10.452 -15.874 16.248 -0.785 -0.349 0.873
-7.660 6.428 -15.178 9.164 -17.230 14.802 -0.873 -0.349 0.873
-7.660 6.428 -15.178 9.164 -16.731 14.960 -0.873 -0.349 0.960
-7.660 6.428 -15.178 9.164 -16.220 15.073 -0.873 -0.349 1.047
-7.660 6.428 -15.178 9.164 -15.701 15.141 -0.873 -0.349 1.134
-7.660 6.428 -15.178 9.164 -15.178 15.164 -0.873 -0.349 1.222
-7.660 6.428 -15.388 8.498 -15.911 14.476 -0.873 -0.436 1.222
-7.660 6.428 -15.539 7.817 -16.581 13.726 -0.873 -0.524 1.222
-7.660 6.428 -15.388 8.498 -15.911 14.476 -0.873 -0.436 1.222
-7.660 6.428 -15.178 9.164 -15.178 15.164 -0.873 -0.349 1.222
-7.660 6.428 -14.911 9.809 -14.388 15.786 -0.873 -0.262 1.222
-7.660 6.428 -14.589 10.428 -13.547 16.337 -0.873 -0.175 1.222
-7.660 6.428 -14.214 11.016 -12.661 16.812 -0.873 -0.087 1.222
-7.660 6.428 -13.789 11.570 -11.737 17.208 -0.873 -0.000 1.222
-7.071 7.071 -12.728 12.728 -10.192 18.166 -0.785 -0.000 1.222
-6.428 7.660 -11.570 13.789 -8.570 18.985 -0.698 -0.000 1.222
-5.736 8.192 -10.324 14.745 -6.883 19.660 -0.611 -0.000 1.222
-5.000 8.660 -9.000 15.588 -5.143 20.185 -0.524 -0.000 1.222
-4.226 9.063 -7.607 16.314 -3.364 20.556 -0.436 -0.000 1.222
-3.420 9.397 -6.156 16.914 -1.560 20.771 -0.349 -0.000 1.222
-2.588 9.659 -4.659 17.387 0.256 20.828 -0.262 -0.000 1.222
-1.736 9.848 -3.126 17.727 2.070 20.727 -0.175 -0.000 1.222
-0.872 9.962 -1.569 17.932 3.869 20.467 -0.087 -0.000 1.222
0.000 10.000 -0.000 18.000 5.638 20.052 0.000 -0.000 1.222
0.872 9.962 1.569 17.932 7.364 19.484 0.087 -0.000 1.222