#a1_X a1_Y a2_X a2_Y a3_X a3_Y j_1 j_2 j_3
0.000 10.000 0.000 18.000 0.523 23.977 0.000 0.000 0.087
0.000 10.000 0.000 18.000 1.042 23.909 0.000 0.000 0.175
0.000 10.000 0.000 18.000 1.553 23.796 0.000 0.000 0.262
0.000 10.000 0.000 18.000 2.052 23.638 0.000 0.000 0.349
0.000 10.000 0.000 18.000 2.536 23.438 0.000 0.000 0.436
-0.872 9.962 -1.569 17.932 0.483 23.570 -0.087 0.000 0.436
-1.736 9.848 -3.126 17.727 -1.573 23.522 -0.175 0.000 0.436
-2.588 9.659 -4.659 17.387 -3.617 23.296 -0.262 0.000 0.436
-3.420 9.397 -6.156 16.914 -5.633 22.892 -0.349 0.000 0.436
-4.226 9.063 -7.607 16.314 -7.607 22.314 -0.436 0.000 0.436
-5.000 8.660 -9.000 15.588 -9.523 21.566 -0.524 0.000 0.436
-5.736 8.192 -10.324 14.745 -11.366 20.654 -0.611 0.000 0.436
-6.428 7.660 -11.570 13.789 -13.123 19.584 -0.698 0.000 0.436
-7.071 7.071 -12.728 12.728 -14.780 18.366 -0.785 0.000 0.436
-7.660 6.428 -13.789 11.570 -16.325 17.008 -0.873 0.000 0.436
-8.192 5.736 -14.745 10.324 -17.745 15.521 -0.960 0.000 0.436
-8.192 5.736 -14.745 10.324 -18.186 15.239 -0.960 0.000 0.349
-8.192 5.736 -14.745 10.324 -18.601 14.921 -0.960 0.000 0.262
-8.192 5.736 -14.745 10.324 -18.987 14.567 -0.960 0.000 0.175
-8.192 5.736 -14.745 10.324 -19.341 14.181 -0.960 0.000 0.087
-8.192 5.736 -14.320 10.878 -18.563 15.121 -0.960 0.087 0.087
-8.192 5.736 -13.848 11.393 -17.705 15.989 -0.960 0.175 0.087
-8.192 5.736 -13.334 11.864 -16.775 16.779 -0.960 0.262 0.087
-8.192 5.736 -12.780 12.289 -15.780 17.485 -0.960 0.349 0.087
-8.192 5.736 -12.192 12.664 -14.727 18.102 -0.960 0.436 0.087
-8.192 5.736 -11.572 12.986 -13.625 18.624 -0.960 0.524 0.087
-7.660 6.428 -10.397 13.945 -11.950 19.741 -0.873 0.524 0.087
-7.071 7.071 -9.142 14.798 -10.184 20.707 -0.785 0.524 0.087
-6.428 7.660 -7.817 15.539 -8.340 21.516 -0.698 0.524 0.087
-5.736 8.192 -6.433 16.161 -6.433 22.161 -0.611 0.524 0.087
-5.000 8.660 -5.000 16.660 -4.477 22.637 -0.524 0.524 0.087
-4.226 9.063 -3.529 17.033 -2.487 22.941 -0.436 0.524 0.087
-3.420 9.397 -2.031 17.275 -0.478 23.071 -0.349 0.524 0.087
-2.588 9.659 -0.518 17.387 1.534 23.025 -0.262 0.524 0.087
-1.736 9.848 1.000 17.366 3.535 22.803 -0.175 0.524 0.087
-0.872 9.962 2.509 17.212 5.509 22.409 -0.087 0.524 0.087
-0.872 9.962 3.128 16.890 6.570 21.805 -0.087 0.611 0.087
-0.872 9.962 3.717 16.515 7.574 21.111 -0.087 0.698 0.087
-1.736 9.848 2.264 16.776 5.705 21.691 -0.175 0.698 0.087
-2.588 9.659 0.793 16.910 3.793 22.106 -0.262 0.698 0.087
-3.420 9.397 -0.684 16.914 1.852 22.352 -0.349 0.698 0.087
-4.226 9.063 -2.156 16.790 -0.104 22.429 -0.436 0.698 0.087
-5.000 8.660 -3.611 16.539 -2.058 22.334 -0.524 0.698 0.087
-5.736 8.192 -5.039 16.161 -3.997 22.070 -0.611 0.698 0.087
-6.428 7.660 -6.428 15.660 -5.905 21.638 -0.698 0.698 0.087
-7.071 7.071 -7.768 15.041 -7.768 21.041 -0.785 0.698 0.087
-7.660 6.428 -9.050 14.306 -9.573 20.284 -0.873 0.698 0.087
-7.660 6.428 -9.731 14.155 -10.773 20.064 -0.873 0.611 0.087
-7.660 6.428 -10.397 13.945 -11.950 19.741 -0.873 0.524 0.087
-7.660 6.428 -11.041 13.678 -13.094 19.316 -0.873 0.436 0.087
-7.660 6.428 -11.660 13.356 -14.196 18.794 -0.873 0.349 0.087
-7.660 6.428 -12.249 12.981 -15.249 18.177 -0.873 0.262 0.087
-7.660 6.428 -12.803 12.556 -16.244 17.471 -0.873 0.175 0.087
-7.660 6.428 -13.317 12.085 -17.174 16.681 -0.873 0.087 0.087
-7.660 6.428 -13.789 11.570 -18.031 15.813 -0.873 -0.000 0.087
-7.660 6.428 -14.214 11.016 -18.810 14.873 -0.873 -0.087 0.087
-7.071 7.071 -13.199 12.213 -17.442 16.456 -0.785 -0.087 0.087
-6.428 7.660 -12.085 13.317 -15.941 17.914 -0.698 -0.087 0.087
-5.736 8.192 -10.878 14.320 -14.320 19.235 -0.611 -0.087 0.087
-5.000 8.660 -9.589 15.213 -12.589 20.410 -0.524 -0.087 0.087
-5.736 8.192 -10.878 14.320 -14.320 19.235 -0.611 -0.087 0.087
-6.428 7.660 -12.085 13.317 -15.941 17.914 -0.698 -0.087 0.087
-7.071 7.071 -13.199 12.213 -17.442 16.456 -0.785 -0.087 0.087
-7.660 6.428 -14.214 11.016 -18.810 14.873 -0.873 -0.087 0.087
-8.192 5.736 -15.120 9.736 -20.035 13.177 -0.960 -0.087 0.087
-8.192 5.736 -15.120 9.736 -19.716 13.592 -0.960 -0.087 0.175
-8.192 5.736 -15.120 9.736 -19.362 13.978 -0.960 -0.087 0.262
-8.192 5.736 -15.120 9.736 -18.976 14.332 -0.960 -0.087 0.349
-8.192 5.736 -15.120 9.736 -18.561 14.651 -0.960 -0.087 0.436
-7.660 6.428 -14.214 11.016 -17.214 16.213 -0.873 -0.087 0.436
-7.071 7.071 -13.199 12.213 -15.735 17.651 -0.785 -0.087 0.436
-6.428 7.660 -12.085 13.317 -14.137 18.955 -0.698 -0.087 0.436
-5.736 8.192 -10.878 14.320 -12.431 20.115 -0.611 -0.087 0.436
-5.000 8.660 -9.589 15.213 -10.631 21.122 -0.524 -0.087 0.436
-4.226 9.063 -8.226 15.991 -8.749 21.968 -0.436 -0.087 0.436
-4.226 9.063 -8.226 15.991 -8.226 21.991 -0.436 -0.087 0.524
-4.226 9.063 -8.226 15.991 -7.703 21.968 -0.436 -0.087 0.611
-4.226 9.063 -8.226 15.991 -7.184 21.900 -0.436 -0.087 0.698
-4.226 9.063 -8.226 15.991 -6.673 21.787 -0.436 -0.087 0.785
-4.226 9.063 -8.226 15.991 -6.174 21.629 -0.436 -0.087 0.873
-4.226 9.063 -8.226 15.991 -5.690 21.429 -0.436 -0.087 0.960
-4.226 9.063 -8.226 15.991 -5.226 21.187 -0.436 -0.087 1.047
-4.226 9.063 -8.226 15.991 -4.785 20.906 -0.436 -0.087 1.134
-4.226 9.063 -8.226 15.991 -4.369 20.588 -0.436 -0.087 1.222
-3.420 9.397 -6.801 16.647 -2.559 20.890 -0.349 -0.087 1.222
-2.588 9.659 -5.324 17.177 -0.728 21.034 -0.262 -0.087 1.222
-1.736 9.848 -3.807 17.575 1.108 21.017 -0.175 -0.087 1.222
-0.872 9.962 -2.261 17.840 2.935 20.840 -0.087 -0.087 1.222
-0.872 9.962 -2.261 17.840 3.177 20.376 -0.087 -0.087 1.309
-0.872 9.962 -2.261 17.840 3.377 19.893 -0.087 -0.087 1.396
-0.872 9.962 -2.261 17.840 3.535 19.393 -0.087 -0.087 1.484
-0.872 9.962 -2.261 17.840 3.648 18.882 -0.087 -0.087 1.571
-0.872 9.962 -2.942 17.689 2.853 19.242 -0.087 -0.175 1.571
-0.872 9.962 -3.608 17.479 2.030 19.532 -0.087 -0.262 1.571
-0.872 9.962 -4.253 17.212 1.185 19.748 -0.087 -0.349 1.571
-0.872 9.962 -4.872 16.890 0.325 19.890 -0.087 -0.436 1.571
-0.872 9.962 -5.460 16.515 -0.545 19.957 -0.087 -0.524 1.571
-0.872 9.962 -6.014 16.090 -1.418 19.947 -0.087 -0.611 1.571
-0.872 9.962 -6.528 15.619 -2.286 19.861 -0.087 -0.698 1.571
-0.872 9.962 -7.000 15.104 -3.143 19.701 -0.087 -0.785 1.571
-0.872 9.962 -7.425 14.551 -3.983 19.465 -0.087 -0.873 1.571
-0.872 9.962 -7.800 13.962 -4.800 19.158 -0.087 -0.960 1.571
-0.872 9.962 -8.122 13.343 -5.586 18.781 -0.087 -1.047 1.571
-0.872 9.962 -8.389 12.698 -6.337 18.336 -0.087 -1.134 1.571
-0.872 9.962 -8.599 12.032 -7.046 17.828 -0.087 -1.222 1.571
-0.872 9.962 -8.750 11.351 -7.708 17.260 -0.087 -1.309 1.571
-0.872 9.962 -8.841 10.659 -8.318 16.636 -0.087 -1.396 1.571
-0.872 9.962 -8.872 9.962 -8.872 15.962 -0.087 -1.484 1.571
-0.872 9.962 -8.841 9.265 -9.364 15.242 -0.087 -1.571 1.571
-0.872 9.962 -8.750 8.573 -9.792 14.482 -0.087 -1.658 1.571
-0.872 9.962 -8.841 9.265 -9.364 15.242 -0.087 -1.571 1.571
-0.872 9.962 -8.872 9.962 -8.872 15.962 -0.087 -1.484 1.571
-0.872 9.962 -8.841 10.659 -8.318 16.636 -0.087 -1.396 1.571
-0.872 9.962 -8.750 11.351 -7.708 17.260 -0.087 -1.309 1.571
-0.872 9.962 -8.599 12.032 -7.046 17.828 -0.087 -1.222 1.571
-0.872 9.962 -8.389 12.698 -6.337 18.336 -0.087 -1.134 1.571
-0.872 9.962 -8.122 13.343 -5.586 18.781 -0.087 -1.047 1.571
-0.872 9.962 -7.800 13.962 -4.800 19.158 -0.087 -0.960 1.571
-0.872 9.962 -7.425 14.551 -3.983 19.465 -0.087 -0.873 1.571
-0.872 9.962 -7.000 15.104 -3.143 19.701 -0.087 -0.785 1.571
-0.872 9.962 -6.528 15.619 -2.286 19.861 -0.087 -0.698 1.571
-0.872 9.962 -6.014 16.090 -1.418 19.947 -0.087 -0.611 1.571
-0.872 9.962 -5.460 16.515 -0.545 19.957 -0.087 -0.524 1.571
-0.872 9.962 -4.872 16.890 0.325 19.890 -0.087 -0.436 1.571
-0.872 9.962 -4.253 17.212 1.185 19.748 -0.087 -0.349 1.571
-0.872 9.962 -3.608 17.479 2.030 19.532 -0.087 -0.262 1.571
-0.872 9.962 -2.942 17.689 2.853 19.242 -0.087 -0.175 1.571
-0.872 9.962 -2.261 17.840 3.648 18.882 -0.087 -0.087 1.571