#a1_X a1_Y a2_X a2_Y a3_X a3_Y j_1 j_2 j_3
0.000 10.000 0.000 18.000 -0.523 23.977 0.000 0.000 -0.087
0.000 10.000 0.000 18.000 -1.042 23.909 0.000 0.000 -0.175
0.000 10.000 0.000 18.000 -1.553 23.796 0.000 0.000 -0.262
0.000 10.000 0.000 18.000 -2.052 23.638 0.000 0.000 -0.349
0.000 10.000 0.000 18.000 -2.536 23.438 0.000 0.000 -0.436
0.000 10.000 0.000 18.000 -3.000 23.196 0.000 0.000 -0.524
0.000 10.000 0.000 18.000 -3.441 22.915 0.000 0.000 -0.611
0.000 10.000 0.000 18.000 -3.857 22.596 0.000 0.000 -0.698
0.000 10.000 0.000 18.000 -4.243 22.243 0.000 0.000 -0.785
0.000 10.000 0.000 18.000 -4.596 21.857 0.000 0.000 -0.873
0.000 10.000 0.000 18.000 -4.915 21.441 0.000 0.000 -0.960
0.000 10.000 0.000 18.000 -5.196 21.000 0.000 0.000 -1.047
0.000 10.000 0.000 18.000 -5.438 20.536 0.000 0.000 -1.134
0.000 10.000 0.000 18.000 -5.638 20.052 0.000 0.000 -1.222
0.000 10.000 0.000 18.000 -5.796 19.553 0.000 0.000 -1.309
0.000 10.000 0.000 18.000 -5.909 19.042 0.000 0.000 -1.396
0.000 10.000 0.000 18.000 -5.977 18.523 0.000 0.000 -1.484
0.000 10.000 0.000 18.000 -6.000 18.000 0.000 0.000 -1.571
0.000 10.000 -0.697 17.970 -6.674 17.447 0.000 -0.087 -1.571
0.000 10.000 -1.389 17.878 -7.298 16.837 0.000 -0.175 -1.571
0.000 10.000 -2.071 17.727 -7.866 16.174 0.000 -0.262 -1.571
0.000 10.000 -2.736 17.518 -8.374 15.465 0.000 -0.349 -1.571
0.000 10.000 -3.381 17.250 -8.819 14.715 0.000 -0.436 -1.571
0.000 10.000 -4.000 16.928 -9.196 13.928 0.000 -0.524 -1.571
0.000 10.000 -4.589 16.553 -9.504 13.112 0.000 -0.611 -1.571
0.000 10.000 -5.142 16.128 -9.739 12.272 0.000 -0.698 -1.571
0.000 10.000 -5.657 15.657 -9.899 11.414 0.000 -0.785 -1.571
0.000 10.000 -6.128 15.142 -9.985 10.546 0.000 -0.873 -1.571
0.000 10.000 -6.553 14.589 -9.995 9.674 0.000 -0.960 -1.571
0.000 10.000 -6.128 15.142 -9.985 10.546 0.000 -0.873 -1.571
0.000 10.000 -5.657 15.657 -9.899 11.414 0.000 -0.785 -1.571
0.000 10.000 -5.142 16.128 -9.739 12.272 0.000 -0.698 -1.571
0.000 10.000 -4.589 16.553 -9.504 13.112 0.000 -0.611 -1.571
0.000 10.000 -4.000 16.928 -9.196 13.928 0.000 -0.524 -1.571
0.000 10.000 -3.381 17.250 -8.819 14.715 0.000 -0.436 -1.571
0.000 10.000 -2.736 17.518 -8.374 15.465 0.000 -0.349 -1.571
0.000 10.000 -2.071 17.727 -7.866 16.174 0.000 -0.262 -1.571
0.000 10.000 -1.389 17.878 -7.298 16.837 0.000 -0.175 -1.571
0.000 10.000 -0.697 17.970 -6.674 17.447 0.000 -0.087 -1.571
0.000 10.000 0.000 18.000 -6.000 18.000 0.000 0.000 -1.571
0.000 10.000 0.697 17.970 -5.280 18.492 0.000 0.087 -1.571
0.000 10.000 1.389 17.878 -4.520 18.920 0.000 0.175 -1.571
0.000 10.000 2.071 17.727 -3.725 19.280 0.000 0.262 -1.571
0.000 10.000 2.736 17.518 -2.902 19.570 0.000 0.349 -1.571
0.000 10.000 3.381 17.250 -2.057 19.786 0.000 0.436 -1.571
0.000 10.000 3.381 17.250 -1.815 20.250 0.000 0.436 -1.484
0.000 10.000 3.381 17.250 -1.534 20.692 0.000 0.436 -1.396
0.000 10.000 3.381 17.250 -1.215 21.107 0.000 0.436 -1.309
0.000 10.000 3.381 17.250 -0.862 21.493 0.000 0.436 -1.222
0.000 10.000 3.381 17.250 -0.476 21.847 0.000 0.436 -1.134
0.000 10.000 3.381 17.250 -0.061 22.165 0.000 0.436 -1.047
0.000 10.000 3.381 17.250 0.381 22.447 0.000 0.436 -0.960
0.000 10.000 3.381 17.250 0.845 22.688 0.000 0.436 -0.873
0.000 10.000 3.381 17.250 1.329 22.889 0.000 0.436 -0.785
0.000 10.000 3.381 17.250 1.828 23.046 0.000 0.436 -0.698
0.000 10.000 3.381 17.250 2.339 23.159 0.000 0.436 -0.611
-0.872 9.962 1.865 17.479 0.312 23.275 -0.087 0.436 -0.611
-1.736 9.848 0.334 17.575 -1.718 23.214 -0.175 0.436 -0.611
-2.588 9.659 -1.199 17.538 -3.735 22.976 -0.262 0.436 -0.611
-3.420 9.397 -2.723 17.366 -5.723 22.563 -0.349 0.436 -0.611
-3.420 9.397 -2.723 17.366 -6.164 22.281 -0.349 0.436 -0.698
-3.420 9.397 -2.723 17.366 -6.580 21.963 -0.349 0.436 -0.785
-3.420 9.397 -2.723 17.366 -6.966 21.609 -0.349 0.436 -0.873
-3.420 9.397 -2.723 17.366 -7.319 21.223 -0.349 0.436 -0.960
-3.420 9.397 -2.723 17.366 -7.638 20.808 -0.349 0.436 -1.047
-3.420 9.397 -2.723 17.366 -7.919 20.366 -0.349 0.436 -1.134
-3.420 9.397 -3.420 17.397 -8.858 19.933 -0.349 0.349 -1.134
-3.420 9.397 -4.117 17.366 -9.756 19.419 -0.349 0.262 -1.134
-3.420 9.397 -4.809 17.275 -10.605 18.828 -0.349 0.175 -1.134
-3.420 9.397 -5.491 17.124 -11.400 18.166 -0.349 0.087 -1.134
-3.420 9.397 -6.156 16.914 -12.134 17.437 -0.349 0.000 -1.134
-3.420 9.397 -6.801 16.647 -12.801 16.647 -0.349 -0.087 -1.134
-3.420 9.397 -7.420 16.325 -13.397 15.802 -0.349 -0.175 -1.134
-3.420 9.397 -8.009 15.950 -13.918 14.908 -0.349 -0.262 -1.134
-3.420 9.397 -8.563 15.525 -14.358 13.972 -0.349 -0.349 -1.134
-3.420 9.397 -8.009 15.950 -13.918 14.908 -0.349 -0.262 -1.134
-3.420 9.397 -7.420 16.325 -13.397 15.802 -0.349 -0.175 -1.134
-3.420 9.397 -6.801 16.647 -12.801 16.647 -0.349 -0.087 -1.134
-3.420 9.397 -6.156 16.914 -12.134 17.437 -0.349 0.000 -1.134
-3.420 9.397 -6.801 16.647 -12.801 16.647 -0.349 -0.087 -1.134
-3.420 9.397 -7.420 16.325 -13.397 15.802 -0.349 -0.175 -1.134
-3.420 9.397 -8.009 15.950 -13.918 14.908 -0.349 -0.262 -1.134
-3.420 9.397 -8.563 15.525 -14.358 13.972 -0.349 -0.349 -1.134
-3.420 9.397 -9.077 15.054 -14.715 13.002 -0.349 -0.436 -1.134
-3.420 9.397 -9.549 14.539 -14.986 12.004 -0.349 -0.524 -1.134
-3.420 9.397 -9.973 13.986 -15.170 10.986 -0.349 -0.611 -1.134
-3.420 9.397 -10.348 13.397 -15.263 9.955 -0.349 -0.698 -1.134
-3.420 9.397 -10.671 12.778 -15.267 8.921 -0.349 -0.785 -1.134
-3.420 9.397 -10.938 12.133 -15.180 7.890 -0.349 -0.873 -1.134
-3.420 9.397 -11.148 11.467 -15.004 6.871 -0.349 -0.960 -1.134
-3.420 9.397 -11.299 10.786 -14.740 5.871 -0.349 -1.047 -1.134
-3.420 9.397 -11.390 10.094 -14.390 4.898 -0.349 -1.134 -1.134
-3.420 9.397 -11.420 9.397 -13.956 3.959 -0.349 -1.222 -1.134
-3.420 9.397 -11.390 8.700 -13.442 3.062 -0.349 -1.309 -1.134
-3.420 9.397 -11.299 8.008 -12.852 2.212 -0.349 -1.396 -1.134
-3.420 9.397 -11.148 7.326 -12.189 1.418 -0.349 -1.484 -1.134
-3.420 9.397 -10.938 6.661 -11.461 0.684 -0.349 -1.571 -1.134
-3.420 9.397 -10.671 6.016 -10.671 0.016 -0.349 -1.658 -1.134
-3.420 9.397 -10.671 6.016 -11.194 0.039 -0.349 -1.658 -1.047
-3.420 9.397 -10.671 6.016 -11.713 0.107 -0.349 -1.658 -0.960
-3.420 9.397 -10.671 6.016 -12.224 0.220 -0.349 -1.658 -0.873
-3.420 9.397 -10.671 6.016 -12.723 0.378 -0.349 -1.658 -0.785
-3.420 9.397 -10.671 6.016 -13.206 0.578 -0.349 -1.658 -0.698
-3.420 9.397 -10.671 6.016 -13.671 0.820 -0.349 -1.658 -0.611
-3.420 9.397 -10.671 6.016 -14.112 1.101 -0.349 -1.658 -0.524
-3.420 9.397 -10.671 6.016 -14.527 1.420 -0.349 -1.658 -0.436
-3.420 9.397 -10.671 6.016 -14.913 1.773 -0.349 -1.658 -0.349
-3.420 9.397 -10.671 6.016 -15.267 2.159 -0.349 -1.658 -0.262
-3.420 9.397 -10.671 6.016 -15.586 2.575 -0.349 -1.658 -0.175
-3.420 9.397 -10.671 6.016 -15.867 3.016 -0.349 -1.658 -0.087
-4.226 9.063 -11.154 5.063 -16.069 1.622 -0.436 -1.658 -0.087
-5.000 8.660 -11.553 4.072 -16.149 0.215 -0.524 -1.658 -0.087
-5.000 8.660 -11.553 4.072 -16.468 0.630 -0.524 -1.658 -0.000
-5.000 8.660 -11.553 4.072 -16.749 1.072 -0.524 -1.658 0.087
-5.000 8.660 -11.553 4.072 -16.991 1.536 -0.524 -1.658 0.175
-5.000 8.660 -11.553 4.072 -17.191 2.020 -0.524 -1.658 0.262
-5.000 8.660 -11.553 4.072 -17.349 2.519 -0.524 -1.658 0.349
-5.000 8.660 -11.553 4.072 -17.462 3.030 -0.524 -1.658 0.436
-5.000 8.660 -11.553 4.072 -17.530 3.549 -0.524 -1.658 0.524
-5.736 8.192 -11.864 3.049 -17.773 2.007 -0.611 -1.658 0.524
-6.428 7.660 -12.085 2.004 -17.880 0.451 -0.698 -1.658 0.524
-5.736 8.192 -11.864 3.049 -17.773 2.007 -0.611 -1.658 0.524
-5.000 8.660 -11.553 4.072 -17.530 3.549 -0.524 -1.658 0.524
-5.000 8.660 -11.553 4.072 -17.462 3.030 -0.524 -1.658 0.436
-5.000 8.660 -11.553 4.072 -17.349 2.519 -0.524 -1.658 0.349
-5.000 8.660 -11.553 4.072 -17.191 2.020 -0.524 -1.658 0.262
-5.000 8.660 -11.553 4.072 -16.991 1.536 -0.524 -1.658 0.175
-5.000 8.660 -11.553 4.072 -16.749 1.072 -0.524 -1.658 0.087
-5.000 8.660 -11.553 4.072 -16.468 0.630 -0.524 -1.658 -0.000
-5.000 8.660 -11.928 4.660 -17.124 1.660 -0.524 -1.571 -0.000
-5.000 8.660 -12.250 5.279 -17.688 2.744 -0.524 -1.484 -0.000
-5.736 8.192 -12.664 4.192 -17.860 1.192 -0.611 -1.484 -0.000
-5.000 8.660 -12.250 5.279 -17.688 2.744 -0.524 -1.484 -0.000