#a1_X a1_Y a2_X a2_Y a3_X a3_Y j_1 j_2 j_3
0.872 9.962 1.569 17.932 2.092 23.909 0.087 0.000 0.000
0.872 9.962 2.261 17.840 3.303 23.749 0.087 0.087 0.000
0.872 9.962 2.942 17.689 4.495 23.485 0.087 0.175 0.000
0.000 10.000 1.389 17.878 2.431 23.787 0.000 0.175 0.000
-0.872 9.962 -0.174 17.932 0.349 23.909 -0.087 0.175 0.000
-1.736 9.848 -1.736 17.848 -1.736 23.848 -0.175 0.175 0.000
-2.588 9.659 -3.285 17.629 -3.808 23.606 -0.262 0.175 0.000
-3.420 9.397 -4.809 17.275 -5.851 23.184 -0.349 0.175 0.000
-4.226 9.063 -6.297 16.790 -7.850 22.586 -0.436 0.175 0.000
-5.000 8.660 -7.736 16.178 -9.788 21.816 -0.524 0.175 0.000
-5.736 8.192 -9.117 15.442 -11.652 20.880 -0.611 0.175 0.000
-6.428 7.660 -10.428 14.589 -13.428 19.785 -0.698 0.175 0.000
-7.071 7.071 -11.660 13.624 -15.101 18.539 -0.785 0.175 0.000
-7.660 6.428 -12.803 12.556 -16.659 17.152 -0.873 0.175 0.000
-8.192 5.736 -13.848 11.393 -18.091 15.635 -0.960 0.175 0.000
-8.660 5.000 -14.789 10.142 -19.385 13.999 -1.047 0.175 0.000
-8.660 5.000 -14.789 10.142 -19.704 13.584 -1.047 0.175 -0.087
-8.660 5.000 -14.789 10.142 -19.985 13.142 -1.047 0.175 -0.175
-8.660 5.000 -14.789 10.142 -20.226 12.678 -1.047 0.175 -0.262
-8.660 5.000 -14.789 10.142 -20.427 12.194 -1.047 0.175 -0.349
-8.660 5.000 -14.789 10.142 -20.584 11.695 -1.047 0.175 -0.436
-8.660 5.000 -14.789 10.142 -20.697 11.184 -1.047 0.175 -0.524
-8.660 5.000 -14.789 10.142 -20.766 10.665 -1.047 0.175 -0.611
-8.660 5.000 -14.789 10.142 -20.789 10.142 -1.047 0.175 -0.698
-8.660 5.000 -14.317 10.657 -20.294 11.180 -1.047 0.262 -0.698
-8.660 5.000 -13.803 11.128 -19.711 12.170 -1.047 0.349 -0.698
-8.660 5.000 -13.249 11.553 -19.044 13.106 -1.047 0.436 -0.698
-8.660 5.000 -12.660 11.928 -18.298 13.980 -1.047 0.524 -0.698
-8.660 5.000 -12.041 12.250 -17.479 14.786 -1.047 0.611 -0.698
-8.660 5.000 -11.396 12.518 -16.593 15.518 -1.047 0.698 -0.698
-8.660 5.000 -10.731 12.727 -15.646 16.169 -1.047 0.785 -0.698
-8.660 5.000 -10.049 12.878 -14.646 16.735 -1.047 0.873 -0.698
-8.660 5.000 -9.357 12.970 -13.600 17.212 -1.047 0.960 -0.698
-8.660 5.000 -8.660 13.000 -12.517 17.596 -1.047 1.047 -0.698
-8.660 5.000 -7.963 12.970 -11.404 17.884 -1.047 1.134 -0.698
-8.660 5.000 -7.271 12.878 -10.271 18.075 -1.047 1.222 -0.698
-8.660 5.000 -6.590 12.727 -9.125 18.165 -1.047 1.309 -0.698
-8.660 5.000 -5.924 12.518 -7.976 18.156 -1.047 1.396 -0.698
-8.660 5.000 -5.279 12.250 -6.832 18.046 -1.047 1.484 -0.698
-8.660 5.000 -4.660 11.928 -5.702 17.837 -1.047 1.571 -0.698
-8.660 5.000 -4.072 11.553 -4.595 17.530 -1.047 1.658 -0.698
-8.660 5.000 -3.518 11.128 -3.518 17.128 -1.047 1.745 -0.698
-8.192 5.736 -2.535 11.393 -2.012 17.370 -0.960 1.745 -0.698
-7.660 6.428 -1.532 11.570 -0.490 17.479 -0.873 1.745 -0.698
-7.071 7.071 -0.518 11.660 1.035 17.455 -0.785 1.745 -0.698
-6.428 7.660 0.500 11.660 2.552 17.299 -0.698 1.745 -0.698
-6.428 7.660 0.500 11.660 2.053 17.456 -0.698 1.745 -0.785
-6.428 7.660 0.500 11.660 1.542 17.569 -0.698 1.745 -0.873
-6.428 7.660 0.500 11.660 1.023 17.638 -0.698 1.745 -0.960
-6.428 7.660 0.500 11.660 0.500 17.660 -0.698 1.745 -1.047
-6.428 7.660 0.500 11.660 -0.023 17.638 -0.698 1.745 -1.134
-6.428 7.660 0.500 11.660 -0.542 17.569 -0.698 1.745 -1.222
-6.428 7.660 0.500 11.660 -1.053 17.456 -0.698 1.745 -1.309
-6.428 7.660 0.500 11.660 -1.552 17.299 -0.698 1.745 -1.396
-6.428 7.660 0.500 11.660 -2.035 17.098 -0.698 1.745 -1.484
-6.428 7.660 0.823 11.041 -1.230 16.680 -0.698 1.833 -1.484
-6.428 7.660 1.090 10.397 -0.463 16.192 -0.698 1.920 -1.484
-6.428 7.660 1.300 9.731 0.258 15.640 -0.698 2.007 -1.484
-6.428 7.660 1.451 9.050 0.928 15.027 -0.698 2.094 -1.484
-6.428 7.660 1.451 9.050 1.451 15.050 -0.698 2.094 -1.396
-6.428 7.660 1.451 9.050 1.974 15.027 -0.698 2.094 -1.309
-6.428 7.660 1.451 9.050 1.451 15.050 -0.698 2.094 -1.396
-6.428 7.660 1.451 9.050 0.928 15.027 -0.698 2.094 -1.484
-6.428 7.660 1.451 9.050 0.409 14.958 -0.698 2.094 -1.571
-5.736 8.192 2.234 8.889 1.711 14.866 -0.611 2.094 -1.571
-5.736 8.192 2.143 9.581 1.101 15.490 -0.611 2.007 -1.571
-5.736 8.192 1.992 10.262 0.439 16.058 -0.611 1.920 -1.571
-5.736 8.192 1.782 10.928 -0.270 16.566 -0.611 1.833 -1.571
-5.736 8.192 1.515 11.572 -1.021 17.010 -0.611 1.745 -1.571
-5.736 8.192 1.192 12.192 -1.808 17.388 -0.611 1.658 -1.571
-5.736 8.192 0.817 12.780 -2.624 17.695 -0.611 1.571 -1.571
-5.736 8.192 0.393 13.334 -3.464 17.930 -0.611 1.484 -1.571
-5.736 8.192 0.393 13.334 -3.049 18.249 -0.611 1.484 -1.484
-5.736 8.192 0.393 13.334 -2.607 18.530 -0.611 1.484 -1.396
-5.736 8.192 0.393 13.334 -2.143 18.772 -0.611 1.484 -1.309
-5.736 8.192 0.393 13.334 -1.660 18.972 -0.611 1.484 -1.222
-5.736 8.192 0.393 13.334 -1.160 19.129 -0.611 1.484 -1.134
-5.736 8.192 0.393 13.334 -0.649 19.243 -0.611 1.484 -1.047
-5.736 8.192 0.393 13.334 -0.130 19.311 -0.611 1.484 -0.960
-5.000 8.660 1.553 13.249 1.553 19.249 -0.524 1.484 -0.960
-5.736 8.192 0.393 13.334 -0.130 19.311 -0.611 1.484 -0.960
-6.428 7.660 -0.771 13.317 -1.813 19.226 -0.698 1.484 -0.960
-7.071 7.071 -1.929 13.199 -3.482 18.995 -0.785 1.484 -0.960
-7.660 6.428 -3.072 12.981 -5.124 18.619 -0.873 1.484 -0.960
-8.192 5.736 -4.192 12.664 -6.727 18.102 -0.960 1.484 -0.960
-8.660 5.000 -5.279 12.250 -8.279 17.447 -1.047 1.484 -0.960
-9.063 4.226 -6.327 11.744 -9.768 16.659 -1.134 1.484 -0.960
-9.397 3.420 -7.326 11.148 -11.183 15.744 -1.222 1.484 -0.960
-9.659 2.588 -8.270 10.467 -12.513 14.709 -1.309 1.484 -0.960
-9.848 1.736 -9.151 9.706 -13.747 13.563 -1.396 1.484 -0.960
-9.962 0.872 -9.962 8.872 -14.877 12.313 -1.484 1.484 -0.960
-10.000 0.000 -10.697 7.970 -15.893 10.970 -1.571 1.484 -0.960