#a1_X a1_Y a2_X a2_Y a3_X a3_Y j_1 j_2 j_3
0.000 10.000 0.000 18.000 0.523 23.977 0.000 0.000 0.087
0.000 10.000 0.000 18.000 1.042 23.909 0.000 0.000 0.175
0.000 10.000 0.000 18.000 1.553 23.796 0.000 0.000 0.262
0.000 10.000 0.000 18.000 2.052 23.638 0.000 0.000 0.349
0.872 9.962 1.569 17.932 4.105 23.369 0.087 0.000 0.349
0.872 9.962 1.569 17.932 3.621 23.570 0.087 0.000 0.262
0.872 9.962 1.569 17.932 3.122 23.727 0.087 0.000 0.175
0.872 9.962 1.569 17.932 2.611 23.840 0.087 0.000 0.087
0.872 9.962 1.569 17.932 2.092 23.909 0.087 0.000 -0.000
0.872 9.962 1.569 17.932 1.569 23.932 0.087 0.000 -0.087
0.872 9.962 1.569 17.932 1.046 23.909 0.087 0.000 -0.175
0.872 9.962 1.569 17.932 0.527 23.840 0.087 0.000 -0.262
0.872 9.962 1.569 17.932 0.016 23.727 0.087 0.000 -0.349
0.872 9.962 1.569 17.932 -0.483 23.570 0.087 0.000 -0.436
0.872 9.962 1.569 17.932 -0.967 23.369 0.087 0.000 -0.524
0.872 9.962 1.569 17.932 -1.431 23.128 0.087 0.000 -0.611
0.872 9.962 1.569 17.932 -1.873 22.846 0.087 0.000 -0.698
0.872 9.962 1.569 17.932 -2.288 22.528 0.087 0.000 -0.785
0.872 9.962 1.569 17.932 -2.674 22.174 0.087 0.000 -0.873
0.872 9.962 1.569 17.932 -3.027 21.788 0.087 0.000 -0.960
0.872 9.962 1.569 17.932 -3.346 21.373 0.087 0.000 -1.047
0.872 9.962 1.569 17.932 -3.027 21.788 0.087 0.000 -0.960
0.872 9.962 1.569 17.932 -2.674 22.174 0.087 0.000 -0.873
0.872 9.962 1.569 17.932 -2.288 22.528 0.087 0.000 -0.785
0.872 9.962 1.569 17.932 -1.873 22.846 0.087 0.000 -0.698
0.872 9.962 1.569 17.932 -1.431 23.128 0.087 0.000 -0.611
0.872 9.962 1.569 17.932 -0.967 23.369 0.087 0.000 -0.524
0.872 9.962 1.569 17.932 -0.483 23.570 0.087 0.000 -0.436
0.872 9.962 1.569 17.932 0.016 23.727 0.087 0.000 -0.349
0.872 9.962 1.569 17.932 0.527 23.840 0.087 0.000 -0.262
0.872 9.962 1.569 17.932 0.016 23.727 0.087 0.000 -0.349
0.872 9.962 1.569 17.932 -0.483 23.570 0.087 0.000 -0.436
0.872 9.962 1.569 17.932 -0.967 23.369 0.087 0.000 -0.524
0.872 9.962 1.569 17.932 -1.431 23.128 0.087 0.000 -0.611
0.872 9.962 1.569 17.932 -1.873 22.846 0.087 0.000 -0.698
0.872 9.962 1.569 17.932 -1.431 23.128 0.087 0.000 -0.611
0.872 9.962 1.569 17.932 -0.967 23.369 0.087 0.000 -0.524
0.872 9.962 1.569 17.932 -0.483 23.570 0.087 0.000 -0.436
0.872 9.962 1.569 17.932 0.016 23.727 0.087 0.000 -0.349
0.872 9.962 1.569 17.932 0.527 23.840 0.087 0.000 -0.262
0.872 9.962 1.569 17.932 1.046 23.909 0.087 0.000 -0.175
0.872 9.962 1.569 17.932 1.569 23.932 0.087 0.000 -0.087
0.872 9.962 1.569 17.932 2.092 23.909 0.087 0.000 -0.000
0.872 9.962 1.569 17.932 2.611 23.840 0.087 0.000 0.087
0.872 9.962 2.261 17.840 3.814 23.636 0.087 0.087 0.087
0.872 9.962 2.942 17.689 4.994 23.328 0.087 0.175 0.087
0.872 9.962 2.261 17.840 3.814 23.636 0.087 0.087 0.087
0.872 9.962 1.569 17.932 2.611 23.840 0.087 -0.000 0.087
0.872 9.962 0.872 17.962 1.394 23.939 0.087 -0.087 0.087
0.872 9.962 0.174 17.932 0.174 23.932 0.087 -0.175 0.087
0.872 9.962 -0.518 17.840 -1.041 23.818 0.087 -0.262 0.087
0.872 9.962 -1.199 17.689 -2.241 23.598 0.087 -0.349 0.087
0.872 9.962 -1.865 17.479 -3.418 23.275 0.087 -0.436 0.087
0.872 9.962 -2.509 17.212 -4.562 22.851 0.087 -0.524 0.087
0.872 9.962 -3.128 16.890 -5.664 22.328 0.087 -0.611 0.087
0.872 9.962 -3.717 16.515 -6.717 21.711 0.087 -0.698 0.087
0.872 9.962 -4.271 16.090 -7.712 21.005 0.087 -0.785 0.087
0.872 9.962 -4.785 15.619 -8.642 20.215 0.087 -0.873 0.087
0.872 9.962 -4.271 16.090 -7.712 21.005 0.087 -0.785 0.087
0.872 9.962 -3.717 16.515 -6.717 21.711 0.087 -0.698 0.087
0.872 9.962 -3.128 16.890 -5.664 22.328 0.087 -0.611 0.087
0.872 9.962 -3.128 16.890 -5.181 22.528 0.087 -0.611 0.175
0.872 9.962 -3.128 16.890 -4.681 22.686 0.087 -0.611 0.262
0.872 9.962 -3.128 16.890 -4.170 22.799 0.087 -0.611 0.349
0.872 9.962 -3.128 16.890 -3.651 22.867 0.087 -0.611 0.436
0.872 9.962 -3.128 16.890 -3.128 22.890 0.087 -0.611 0.524
0.872 9.962 -3.128 16.890 -2.606 22.867 0.087 -0.611 0.611
0.872 9.962 -3.128 16.890 -2.087 22.799 0.087 -0.611 0.698
0.872 9.962 -3.128 16.890 -1.576 22.686 0.087 -0.611 0.785
0.872 9.962 -3.128 16.890 -1.076 22.528 0.087 -0.611 0.873
0.872 9.962 -3.128 16.890 -0.593 22.328 0.087 -0.611 0.960
0.872 9.962 -3.128 16.890 -0.128 22.086 0.087 -0.611 1.047
0.872 9.962 -3.128 16.890 0.313 21.805 0.087 -0.611 1.134
0.872 9.962 -3.128 16.890 0.728 21.486 0.087 -0.611 1.222
0.872 9.962 -3.128 16.890 1.114 21.133 0.087 -0.611 1.309
0.872 9.962 -3.128 16.890 1.468 20.747 0.087 -0.611 1.396
0.872 9.962 -3.128 16.890 1.786 20.332 0.087 -0.611 1.484
0.872 9.962 -3.128 16.890 2.068 19.890 0.087 -0.611 1.571
0.872 9.962 -3.128 16.890 1.786 20.332 0.087 -0.611 1.484
0.872 9.962 -3.128 16.890 1.468 20.747 0.087 -0.611 1.396
0.872 9.962 -3.128 16.890 1.114 21.133 0.087 -0.611 1.309
0.000 10.000 -4.589 16.553 -0.732 21.149 0.000 -0.611 1.309
-0.872 9.962 -6.014 16.090 -2.572 21.005 -0.087 -0.611 1.309
-1.736 9.848 -7.393 15.505 -4.393 20.701 -0.175 -0.611 1.309
-2.588 9.659 -8.717 14.802 -6.181 20.239 -0.262 -0.611 1.309
-3.420 9.397 -9.973 13.986 -7.921 19.624 -0.349 -0.611 1.309
-4.226 9.063 -11.154 13.063 -9.601 18.859 -0.436 -0.611 1.309
-5.000 8.660 -12.250 12.041 -11.209 17.950 -0.524 -0.611 1.309
-5.736 8.192 -13.253 10.928 -12.730 16.905 -0.611 -0.611 1.309
-6.428 7.660 -14.155 9.731 -14.155 15.731 -0.698 -0.611 1.309
-7.071 7.071 -14.950 8.460 -15.472 14.437 -0.785 -0.611 1.309
-7.071 7.071 -15.041 7.768 -16.083 13.677 -0.785 -0.698 1.309
-7.071 7.071 -15.071 7.071 -16.624 12.867 -0.785 -0.785 1.309
-7.071 7.071 -15.041 7.768 -16.083 13.677 -0.785 -0.698 1.309
-7.071 7.071 -14.950 8.460 -15.472 14.437 -0.785 -0.611 1.309
-7.071 7.071 -14.798 9.142 -14.798 15.142 -0.785 -0.524 1.309
-7.071 7.071 -14.589 9.807 -14.066 15.784 -0.785 -0.436 1.309
-7.071 7.071 -14.322 10.452 -13.280 16.361 -0.785 -0.349 1.309
-7.071 7.071 -13.999 11.071 -12.446 16.867 -0.785 -0.262 1.309
-7.071 7.071 -13.624 11.660 -11.572 17.298 -0.785 -0.175 1.309
-7.071 7.071 -13.199 12.213 -10.664 17.651 -0.785 -0.087 1.309
-7.071 7.071 -12.728 12.728 -9.728 17.924 -0.785 -0.000 1.309
-7.071 7.071 -12.213 13.199 -8.772 18.114 -0.785 0.087 1.309
-7.071 7.071 -11.660 13.624 -7.803 18.221 -0.785 0.175 1.309
-7.071 7.071 -11.071 13.999 -6.828 18.242 -0.785 0.262 1.309
-7.071 7.071 -10.452 14.322 -5.856 18.178 -0.785 0.349 1.309
-7.071 7.071 -9.807 14.589 -4.892 18.030 -0.785 0.436 1.309
-7.071 7.071 -9.142 14.798 -3.945 17.798 -0.785 0.524 1.309
-7.071 7.071 -8.460 14.950 -3.022 17.485 -0.785 0.611 1.309
-7.071 7.071 -7.768 15.041 -2.130 17.093 -0.785 0.698 1.309
-7.071 7.071 -7.071 15.071 -1.276 16.624 -0.785 0.785 1.309
-7.071 7.071 -6.374 15.041 -0.465 16.083 -0.785 0.873 1.309
-7.071 7.071 -5.682 14.950 0.295 15.472 -0.785 0.960 1.309
-7.071 7.071 -5.001 14.798 0.999 14.798 -0.785 1.047 1.309
-7.071 7.071 -4.335 14.589 1.642 14.066 -0.785 1.134 1.309