#a1_X a1_Y a2_X a2_Y a3_X a3_Y j_1 j_2 j_3
0.872 9.962 1.569 17.932 2.092 23.909 0.087 0.000 0.000
0.872 9.962 2.261 17.840 3.303 23.749 0.087 0.087 0.000
0.872 9.962 2.942 17.689 4.495 23.485 0.087 0.175 0.000
0.872 9.962 2.261 17.840 3.303 23.749 0.087 0.087 0.000
0.872 9.962 1.569 17.932 2.092 23.909 0.087 -0.000 0.000
0.872 9.962 0.872 17.962 0.872 23.962 0.087 -0.087 0.000
0.872 9.962 0.174 17.932 -0.349 23.909 0.087 -0.175 0.000
0.872 9.962 -0.518 17.840 -1.560 23.749 0.087 -0.262 0.000
0.872 9.962 -1.199 17.689 -2.752 23.485 0.087 -0.349 0.000
0.872 9.962 -1.199 17.689 -3.251 23.328 0.087 -0.349 -0.087
0.872 9.962 -1.199 17.689 -3.735 23.127 0.087 -0.349 -0.175
0.872 9.962 -1.199 17.689 -4.199 22.886 0.087 -0.349 -0.262
0.872 9.962 -1.199 17.689 -4.640 22.604 0.087 -0.349 -0.349
0.872 9.962 -1.199 17.689 -5.056 22.286 0.087 -0.349 -0.436
0.872 9.962 -1.199 17.689 -5.442 21.932 0.087 -0.349 -0.524
0.872 9.962 -1.199 17.689 -5.795 21.546 0.087 -0.349 -0.611
0.872 9.962 -1.199 17.689 -6.114 21.131 0.087 -0.349 -0.698
0.872 9.962 -1.199 17.689 -6.395 20.689 0.087 -0.349 -0.785
0.000 10.000 -2.736 17.518 -8.174 20.053 0.000 -0.349 -0.785
-0.872 9.962 -4.253 17.212 -9.891 19.265 -0.087 -0.349 -0.785
-1.736 9.848 -5.736 16.776 -11.532 18.329 -0.175 -0.349 -0.785
-2.588 9.659 -7.177 16.212 -13.086 17.254 -0.262 -0.349 -0.785
-3.420 9.397 -8.563 15.525 -14.540 16.048 -0.349 -0.349 -0.785
-4.226 9.063 -9.883 14.720 -15.883 14.720 -0.436 -0.349 -0.785
-5.000 8.660 -11.128 13.803 -17.106 13.280 -0.524 -0.349 -0.785
-5.000 8.660 -10.657 14.317 -16.657 14.317 -0.524 -0.262 -0.785
-5.000 8.660 -10.142 14.789 -16.119 15.312 -0.524 -0.175 -0.785
-5.000 8.660 -9.589 15.213 -15.497 16.255 -0.524 -0.087 -0.785
-5.000 8.660 -9.000 15.588 -14.796 17.141 -0.524 -0.000 -0.785
-5.000 8.660 -8.381 15.911 -14.019 17.963 -0.524 0.087 -0.785
-5.000 8.660 -7.736 16.178 -13.174 18.714 -0.524 0.175 -0.785
-4.226 9.063 -6.297 16.790 -11.493 19.790 -0.436 0.175 -0.785
-3.420 9.397 -4.809 17.275 -9.724 20.717 -0.349 0.175 -0.785
-2.588 9.659 -3.285 17.629 -7.882 21.486 -0.262 0.175 -0.785
-1.736 9.848 -1.736 17.848 -5.979 22.091 -0.175 0.175 -0.785
-0.872 9.962 -0.174 17.932 -4.031 22.528 -0.087 0.175 -0.785
0.000 10.000 1.389 17.878 -2.052 22.793 0.000 0.175 -0.785
0.872 9.962 2.942 17.689 -0.058 22.886 0.087 0.175 -0.785
0.872 9.962 2.942 17.689 -0.499 22.604 0.087 0.175 -0.873
0.872 9.962 2.942 17.689 -0.915 22.286 0.087 0.175 -0.960
0.872 9.962 2.942 17.689 -1.301 21.932 0.087 0.175 -1.047
0.000 10.000 1.389 17.878 -3.207 21.735 0.000 0.175 -1.047
-0.872 9.962 -0.174 17.932 -5.089 21.373 -0.087 0.175 -1.047
-1.736 9.848 -1.736 17.848 -6.933 20.848 -0.175 0.175 -1.047
-2.588 9.659 -3.285 17.629 -8.723 20.165 -0.262 0.175 -1.047
-3.420 9.397 -4.809 17.275 -10.448 19.328 -0.349 0.175 -1.047
-4.226 9.063 -6.297 16.790 -12.092 18.343 -0.436 0.175 -1.047
-5.000 8.660 -7.736 16.178 -13.645 17.220 -0.524 0.175 -1.047
-5.736 8.192 -9.117 15.442 -15.094 15.965 -0.611 0.175 -1.047
-6.428 7.660 -10.428 14.589 -16.428 14.589 -0.698 0.175 -1.047
-7.071 7.071 -11.660 13.624 -17.637 13.101 -0.785 0.175 -1.047
-7.660 6.428 -12.803 12.556 -18.712 11.514 -0.873 0.175 -1.047
-7.660 6.428 -12.249 12.981 -18.226 12.458 -0.873 0.262 -1.047
-7.660 6.428 -11.660 13.356 -17.660 13.356 -0.873 0.349 -1.047
-7.660 6.428 -11.041 13.678 -17.019 14.201 -0.873 0.436 -1.047
-7.660 6.428 -10.397 13.945 -16.305 14.987 -0.873 0.524 -1.047
-7.660 6.428 -9.731 14.155 -15.527 15.708 -0.873 0.611 -1.047
-7.660 6.428 -9.050 14.306 -14.688 16.358 -0.873 0.698 -1.047
-7.660 6.428 -8.358 14.397 -13.796 16.933 -0.873 0.785 -1.047
-7.660 6.428 -7.660 14.428 -12.857 17.428 -0.873 0.873 -1.047
-7.660 6.428 -6.963 14.397 -11.878 17.839 -0.873 0.960 -1.047
-7.660 6.428 -6.271 14.306 -10.868 18.163 -0.873 1.047 -1.047
-7.660 6.428 -5.590 14.155 -9.833 18.398 -0.873 1.134 -1.047
-7.660 6.428 -4.924 13.945 -8.781 18.542 -0.873 1.222 -1.047
-8.192 5.736 -6.121 13.463 -10.364 17.706 -0.960 1.222 -1.047
-8.660 5.000 -7.271 12.878 -11.867 16.735 -1.047 1.222 -1.047
-9.063 4.226 -8.366 12.196 -13.281 15.637 -1.134 1.222 -1.047
-9.397 3.420 -9.397 11.420 -14.593 14.420 -1.222 1.222 -1.047
-9.659 2.588 -10.357 10.558 -15.794 13.093 -1.309 1.222 -1.047
-9.848 1.736 -11.237 9.615 -16.875 11.667 -1.396 1.222 -1.047
-9.848 1.736 -11.237 9.615 -17.033 11.168 -1.396 1.222 -1.134
-9.848 1.736 -11.237 9.615 -17.146 10.657 -1.396 1.222 -1.222
-9.848 1.736 -11.237 9.615 -17.214 10.138 -1.396 1.222 -1.309