#a1_X a1_Y a2_X a2_Y a3_X a3_Y j_1 j_2 j_3
0.000 10.000 0.697 17.970 1.220 23.947 0.000 0.087 0.000
0.000 10.000 1.389 17.878 2.431 23.787 0.000 0.175 0.000
0.000 10.000 2.071 17.727 3.623 23.523 0.000 0.262 0.000
0.000 10.000 2.736 17.518 4.788 23.156 0.000 0.349 0.000
0.000 10.000 3.381 17.250 5.917 22.688 0.000 0.436 0.000
0.000 10.000 3.381 17.250 6.381 22.447 0.000 0.436 0.087
0.000 10.000 3.381 17.250 6.822 22.165 0.000 0.436 0.175
0.000 10.000 3.381 17.250 7.238 21.847 0.000 0.436 0.262
0.000 10.000 3.381 17.250 7.624 21.493 0.000 0.436 0.349
0.000 10.000 3.381 17.250 7.977 21.107 0.000 0.436 0.436
0.000 10.000 3.381 17.250 8.296 20.692 0.000 0.436 0.524
0.000 10.000 3.381 17.250 8.577 20.250 0.000 0.436 0.611
0.000 10.000 3.381 17.250 8.819 19.786 0.000 0.436 0.698
0.000 10.000 3.381 17.250 9.019 19.303 0.000 0.436 0.785
0.000 10.000 3.381 17.250 9.177 18.803 0.000 0.436 0.873
0.000 10.000 3.381 17.250 9.290 18.292 0.000 0.436 0.960
0.000 10.000 3.381 17.250 9.358 17.773 0.000 0.436 1.047
0.000 10.000 3.381 17.250 9.381 17.250 0.000 0.436 1.134
0.000 10.000 3.381 17.250 9.358 16.728 0.000 0.436 1.222
0.000 10.000 3.381 17.250 9.290 16.209 0.000 0.436 1.309
0.000 10.000 3.381 17.250 9.177 15.698 0.000 0.436 1.396
0.000 10.000 3.381 17.250 9.019 15.198 0.000 0.436 1.484
0.000 10.000 3.381 17.250 8.819 14.715 0.000 0.436 1.571
-0.872 9.962 1.865 17.479 7.503 15.427 -0.087 0.436 1.571
-1.736 9.848 0.334 17.575 6.130 16.023 -0.175 0.436 1.571
-2.588 9.659 -1.199 17.538 4.710 16.496 -0.262 0.436 1.571
-3.420 9.397 -2.723 17.366 3.254 16.844 -0.349 0.436 1.571
-4.226 9.063 -4.226 17.063 1.774 17.063 -0.436 0.436 1.571
-4.226 9.063 -4.923 17.033 1.054 17.556 -0.436 0.349 1.571
-4.226 9.063 -5.615 16.942 0.293 17.983 -0.436 0.262 1.571
-4.226 9.063 -6.297 16.790 -0.501 18.343 -0.436 0.175 1.571
-4.226 9.063 -6.962 16.581 -1.324 18.633 -0.436 0.087 1.571
-4.226 9.063 -7.607 16.314 -2.169 18.849 -0.436 -0.000 1.571
-4.226 9.063 -8.226 15.991 -3.030 18.991 -0.436 -0.087 1.571
-4.226 9.063 -8.815 15.616 -3.900 19.058 -0.436 -0.175 1.571
-4.226 9.063 -9.368 15.191 -4.772 19.048 -0.436 -0.262 1.571
-4.226 9.063 -9.883 14.720 -5.640 18.963 -0.436 -0.349 1.571
-4.226 9.063 -10.355 14.205 -6.498 18.802 -0.436 -0.436 1.571
-4.226 9.063 -10.779 13.652 -7.338 18.567 -0.436 -0.524 1.571
-4.226 9.063 -11.154 13.063 -8.154 18.259 -0.436 -0.611 1.571
-4.226 9.063 -11.477 12.444 -8.941 17.882 -0.436 -0.698 1.571
-4.226 9.063 -11.744 11.799 -9.692 17.437 -0.436 -0.785 1.571
-4.226 9.063 -11.954 11.134 -10.401 16.929 -0.436 -0.873 1.571
-4.226 9.063 -12.105 10.452 -11.063 16.361 -0.436 -0.960 1.571
-4.226 9.063 -12.196 9.760 -11.673 15.737 -0.436 -1.047 1.571
-3.420 9.397 -11.299 10.786 -10.257 16.695 -0.349 -1.047 1.571
-2.588 9.659 -10.316 11.730 -8.763 17.525 -0.262 -1.047 1.571
-1.736 9.848 -9.254 12.584 -7.202 18.222 -0.175 -1.047 1.571
-0.872 9.962 -8.122 13.343 -5.586 18.781 -0.087 -1.047 1.571
0.000 10.000 -6.928 14.000 -3.928 19.196 0.000 -1.047 1.571
0.872 9.962 -5.682 14.551 -2.240 19.465 0.087 -1.047 1.571
1.736 9.848 -4.392 14.990 -0.535 19.587 0.175 -1.047 1.571
2.588 9.659 -3.069 15.316 1.174 19.559 0.262 -1.047 1.571
3.420 9.397 -1.722 15.525 2.874 19.382 0.349 -1.047 1.571
2.588 9.659 -3.069 15.316 1.174 19.559 0.262 -1.047 1.571
1.736 9.848 -4.392 14.990 -0.535 19.587 0.175 -1.047 1.571
0.872 9.962 -5.682 14.551 -2.240 19.465 0.087 -1.047 1.571
0.000 10.000 -6.928 14.000 -3.928 19.196 0.000 -1.047 1.571
-0.872 9.962 -8.122 13.343 -5.586 18.781 -0.087 -1.047 1.571
0.000 10.000 -6.928 14.000 -3.928 19.196 0.000 -1.047 1.571
0.872 9.962 -5.682 14.551 -2.240 19.465 0.087 -1.047 1.571
1.736 9.848 -4.392 14.990 -0.535 19.587 0.175 -1.047 1.571
2.588 9.659 -3.069 15.316 1.174 19.559 0.262 -1.047 1.571
3.420 9.397 -1.722 15.525 2.874 19.382 0.349 -1.047 1.571
3.420 9.397 -1.722 15.525 2.521 19.768 0.349 -1.047 1.484
3.420 9.397 -1.722 15.525 2.135 20.122 0.349 -1.047 1.396
3.420 9.397 -1.722 15.525 1.719 20.440 0.349 -1.047 1.309
3.420 9.397 -1.722 15.525 1.278 20.721 0.349 -1.047 1.222
3.420 9.397 -1.722 15.525 0.814 20.963 0.349 -1.047 1.134
3.420 9.397 -1.722 15.525 0.330 21.163 0.349 -1.047 1.047
3.420 9.397 -1.722 15.525 -0.169 21.321 0.349 -1.047 0.960
3.420 9.397 -2.237 15.054 -1.195 20.963 0.349 -1.134 0.960
3.420 9.397 -2.708 14.539 -2.185 20.516 0.349 -1.222 0.960
3.420 9.397 -3.133 13.986 -3.133 19.986 0.349 -1.309 0.960
3.420 9.397 -3.508 13.397 -4.031 19.374 0.349 -1.396 0.960
3.420 9.397 -3.830 12.778 -4.872 18.687 0.349 -1.484 0.960
3.420 9.397 -4.097 12.133 -5.650 17.929 0.349 -1.571 0.960
3.420 9.397 -4.307 11.467 -6.359 17.106 0.349 -1.658 0.960
3.420 9.397 -4.458 10.786 -6.994 16.224 0.349 -1.745 0.960
3.420 9.397 -4.549 10.094 -7.549 15.290 0.349 -1.833 0.960
3.420 9.397 -4.549 10.094 -7.085 15.532 0.349 -1.833 1.047
3.420 9.397 -4.549 10.094 -6.601 15.732 0.349 -1.833 1.134
3.420 9.397 -4.549 10.094 -6.102 15.890 0.349 -1.833 1.222
3.420 9.397 -4.549 10.094 -5.591 16.003 0.349 -1.833 1.309
3.420 9.397 -4.549 10.094 -5.072 16.071 0.349 -1.833 1.396
3.420 9.397 -4.549 10.094 -4.549 16.094 0.349 -1.833 1.484
3.420 9.397 -4.549 10.094 -4.026 16.071 0.349 -1.833 1.571
3.420 9.397 -4.458 10.786 -3.416 16.695 0.349 -1.745 1.571
3.420 9.397 -4.307 11.467 -2.754 17.263 0.349 -1.658 1.571
3.420 9.397 -4.097 12.133 -2.045 17.771 0.349 -1.571 1.571
3.420 9.397 -3.830 12.778 -1.295 18.216 0.349 -1.484 1.571
3.420 9.397 -3.508 13.397 -0.508 18.593 0.349 -1.396 1.571
3.420 9.397 -3.133 13.986 0.308 18.900 0.349 -1.309 1.571
3.420 9.397 -2.708 14.539 1.149 19.135 0.349 -1.222 1.571
3.420 9.397 -3.133 13.986 0.308 18.900 0.349 -1.309 1.571
3.420 9.397 -3.508 13.397 -0.508 18.593 0.349 -1.396 1.571
3.420 9.397 -3.830 12.778 -1.295 18.216 0.349 -1.484 1.571
3.420 9.397 -4.097 12.133 -2.045 17.771 0.349 -1.571 1.571
4.226 9.063 -3.024 12.444 -0.489 17.882 0.436 -1.571 1.571
5.000 8.660 -1.928 12.660 1.072 17.856 0.524 -1.571 1.571
5.736 8.192 -0.817 12.780 2.624 17.695 0.611 -1.571 1.571
6.428 7.660 0.300 12.803 4.156 17.399 0.698 -1.571 1.571
5.736 8.192 -0.817 12.780 2.624 17.695 0.611 -1.571 1.571
5.000 8.660 -1.928 12.660 1.072 17.856 0.524 -1.571 1.571
4.226 9.063 -3.024 12.444 -0.489 17.882 0.436 -1.571 1.571
3.420 9.397 -4.097 12.133 -2.045 17.771 0.349 -1.571 1.571
2.588 9.659 -5.139 11.730 -3.586 17.525 0.262 -1.571 1.571
1.736 9.848 -6.142 11.237 -5.100 17.146 0.175 -1.571 1.571
0.872 9.962 -7.098 10.659 -6.575 16.636 0.087 -1.571 1.571
0.872 9.962 -7.098 10.659 -7.098 16.659 0.087 -1.571 1.484
0.872 9.962 -7.098 10.659 -7.621 16.636 0.087 -1.571 1.396
0.872 9.962 -7.098 10.659 -8.140 16.568 0.087 -1.571 1.309
0.872 9.962 -7.098 10.659 -8.651 16.455 0.087 -1.571 1.222