#a1_X a1_Y a2_X a2_Y a3_X a3_Y j_1 j_2 j_3
-0.872 9.962 -1.569 17.932 -2.092 23.909 -0.087 0.000 0.000
-1.736 9.848 -3.126 17.727 -4.168 23.635 -0.175 0.000 0.000
-2.588 9.659 -4.659 17.387 -6.212 23.182 -0.262 0.000 0.000
-3.420 9.397 -6.156 16.914 -8.208 22.553 -0.349 0.000 0.000
-4.226 9.063 -7.607 16.314 -10.143 21.751 -0.436 0.000 0.000
-5.000 8.660 -9.000 15.588 -12.000 20.785 -0.524 0.000 0.000
-5.736 8.192 -10.324 14.745 -13.766 19.660 -0.611 0.000 0.000
-6.428 7.660 -11.570 13.789 -15.427 18.385 -0.698 0.000 0.000
-7.071 7.071 -12.728 12.728 -16.971 16.971 -0.785 0.000 0.000
-7.660 6.428 -13.789 11.570 -18.385 15.427 -0.873 0.000 0.000
-8.192 5.736 -14.745 10.324 -19.660 13.766 -0.960 0.000 0.000
-8.192 5.736 -14.745 10.324 -19.941 13.324 -0.960 0.000 -0.087
-8.192 5.736 -14.745 10.324 -20.183 12.860 -0.960 0.000 -0.175
-8.192 5.736 -14.745 10.324 -20.383 12.376 -0.960 0.000 -0.262
-8.192 5.736 -14.745 10.324 -20.540 11.877 -0.960 0.000 -0.349
-8.192 5.736 -14.745 10.324 -20.654 11.366 -0.960 0.000 -0.436
-8.192 5.736 -14.745 10.324 -20.722 10.847 -0.960 0.000 -0.524
-8.192 5.736 -14.745 10.324 -20.745 10.324 -0.960 0.000 -0.611
-8.192 5.736 -14.320 10.878 -20.297 11.401 -0.960 0.087 -0.611
-8.192 5.736 -13.848 11.393 -19.757 12.435 -0.960 0.175 -0.611
-8.192 5.736 -13.334 11.864 -19.129 13.417 -0.960 0.262 -0.611
-8.192 5.736 -12.780 12.289 -18.418 14.341 -0.960 0.349 -0.611
-8.192 5.736 -12.192 12.664 -17.629 15.200 -0.960 0.436 -0.611
-8.192 5.736 -11.572 12.986 -16.769 15.986 -0.960 0.524 -0.611
-8.192 5.736 -10.928 13.253 -15.843 16.695 -0.960 0.611 -0.611
-8.192 5.736 -10.262 13.463 -14.858 17.320 -0.960 0.698 -0.611
-8.192 5.736 -9.581 13.614 -13.823 17.857 -0.960 0.785 -0.611
-8.192 5.736 -8.889 13.705 -12.745 18.302 -0.960 0.873 -0.611
-8.192 5.736 -8.192 13.736 -11.633 18.651 -0.960 0.960 -0.611
-8.192 5.736 -7.494 13.705 -10.494 18.901 -0.960 1.047 -0.611
-8.192 5.736 -6.802 13.614 -9.338 19.052 -0.960 1.134 -0.611
-8.192 5.736 -6.121 13.463 -8.173 19.101 -0.960 1.222 -0.611
-8.192 5.736 -5.455 13.253 -7.008 19.049 -0.960 1.309 -0.611
-8.192 5.736 -4.811 12.986 -5.852 18.895 -0.960 1.396 -0.611
-8.192 5.736 -4.192 12.664 -4.714 18.641 -0.960 1.484 -0.611
-8.192 5.736 -3.603 12.289 -3.603 18.289 -0.960 1.571 -0.611
-8.192 5.736 -3.603 12.289 -4.126 18.266 -0.960 1.571 -0.698
-8.192 5.736 -3.603 12.289 -4.645 18.198 -0.960 1.571 -0.785
-8.192 5.736 -3.603 12.289 -5.156 18.085 -0.960 1.571 -0.873
-8.192 5.736 -3.603 12.289 -5.655 17.927 -0.960 1.571 -0.960
-8.192 5.736 -3.603 12.289 -6.139 17.727 -0.960 1.571 -1.047
-8.192 5.736 -3.603 12.289 -6.603 17.485 -0.960 1.571 -1.134
-8.192 5.736 -3.603 12.289 -7.044 17.204 -0.960 1.571 -1.222
-8.192 5.736 -3.603 12.289 -6.603 17.485 -0.960 1.571 -1.134
-8.192 5.736 -3.603 12.289 -6.139 17.727 -0.960 1.571 -1.047
-8.192 5.736 -3.603 12.289 -5.655 17.927 -0.960 1.571 -0.960
-8.192 5.736 -3.603 12.289 -5.156 18.085 -0.960 1.571 -0.873
-8.192 5.736 -3.603 12.289 -4.645 18.198 -0.960 1.571 -0.785
-8.192 5.736 -3.603 12.289 -4.126 18.266 -0.960 1.571 -0.698
-8.192 5.736 -3.603 12.289 -3.603 18.289 -0.960 1.571 -0.611
-8.192 5.736 -3.603 12.289 -4.126 18.266 -0.960 1.571 -0.698
-8.192 5.736 -3.603 12.289 -4.645 18.198 -0.960 1.571 -0.785
-8.192 5.736 -3.603 12.289 -5.156 18.085 -0.960 1.571 -0.873
-8.192 5.736 -3.603 12.289 -5.655 17.927 -0.960 1.571 -0.960
-8.192 5.736 -3.603 12.289 -6.139 17.727 -0.960 1.571 -1.047
-8.192 5.736 -3.603 12.289 -6.603 17.485 -0.960 1.571 -1.134
-8.192 5.736 -3.603 12.289 -7.044 17.204 -0.960 1.571 -1.222
-8.192 5.736 -3.603 12.289 -7.460 16.885 -0.960 1.571 -1.309
-8.192 5.736 -3.603 12.289 -7.846 16.532 -0.960 1.571 -1.396
-8.660 5.000 -4.660 11.928 -9.257 15.785 -1.047 1.571 -1.396
-9.063 4.226 -5.682 11.477 -10.597 14.918 -1.134 1.571 -1.396
-9.397 3.420 -6.661 10.938 -11.857 13.938 -1.222 1.571 -1.396
-9.659 2.588 -7.589 10.316 -13.027 12.851 -1.309 1.571 -1.396
-9.659 2.588 -7.589 10.316 -13.227 12.368 -1.309 1.571 -1.484
-9.659 2.588 -7.589 10.316 -13.384 11.869 -1.309 1.571 -1.571
-9.659 2.588 -6.923 10.106 -12.561 12.158 -1.309 1.658 -1.571
-9.659 2.588 -6.278 9.839 -11.716 12.374 -1.309 1.745 -1.571
-9.659 2.588 -5.659 9.516 -10.855 12.516 -1.309 1.833 -1.571
-9.659 2.588 -5.071 9.141 -9.986 12.583 -1.309 1.920 -1.571
-9.848 1.736 -5.848 8.665 -11.044 11.665 -1.396 1.920 -1.571
-9.962 0.872 -6.581 8.122 -12.019 10.658 -1.484 1.920 -1.571
-10.000 0.000 -7.264 7.518 -12.902 9.570 -1.571 1.920 -1.571
-10.000 0.000 -6.619 7.250 -12.057 9.786 -1.571 2.007 -1.571
-10.000 0.000 -6.000 6.928 -11.196 9.928 -1.571 2.094 -1.571
-10.000 0.000 -6.000 6.928 -10.915 10.370 -1.571 2.094 -1.484
-10.000 0.000 -6.000 6.928 -10.596 10.785 -1.571 2.094 -1.396
-10.000 0.000 -6.000 6.928 -10.243 11.171 -1.571 2.094 -1.309
-10.000 0.000 -6.000 6.928 -9.857 11.524 -1.571 2.094 -1.222
-10.000 0.000 -6.000 6.928 -9.441 11.843 -1.571 2.094 -1.134
-10.000 0.000 -6.000 6.928 -9.000 12.124 -1.571 2.094 -1.047
-10.000 0.000 -6.000 6.928 -8.536 12.366 -1.571 2.094 -0.960
-10.000 0.000 -6.619 7.250 -9.619 12.447 -1.571 2.007 -0.960
-10.000 0.000 -7.264 7.518 -10.705 12.432 -1.571 1.920 -0.960
-10.000 0.000 -7.929 7.727 -11.786 12.324 -1.571 1.833 -0.960
-10.000 0.000 -8.611 7.878 -12.853 12.121 -1.571 1.745 -0.960
-10.000 0.000 -9.303 7.970 -13.899 11.826 -1.571 1.658 -0.960
-10.000 0.000 -10.000 8.000 -14.915 11.441 -1.571 1.571 -0.960
-10.000 0.000 -10.697 7.970 -15.893 10.970 -1.571 1.484 -0.960
-10.000 0.000 -11.389 7.878 -16.827 10.414 -1.571 1.396 -0.960
-10.000 0.000 -11.389 7.878 -16.585 10.878 -1.571 1.396 -0.873
-10.000 0.000 -11.389 7.878 -16.304 11.320 -1.571 1.396 -0.785
-10.000 0.000 -11.389 7.878 -15.985 11.735 -1.571 1.396 -0.698
-10.000 0.000 -11.389 7.878 -15.632 12.121 -1.571 1.396 -0.611
-10.000 0.000 -11.389 7.878 -15.246 12.475 -1.571 1.396 -0.524
-10.000 0.000 -11.389 7.878 -14.831 12.793 -1.571 1.396 -0.436
-9.962 0.872 -10.659 8.841 -13.659 14.037 -1.484 1.396 -0.436
-9.848 1.736 -9.848 9.736 -12.384 15.174 -1.396 1.396 -0.436
-9.659 2.588 -8.962 10.558 -11.014 16.196 -1.309 1.396 -0.436
-9.397 3.420 -8.008 11.299 -9.561 17.094 -1.222 1.396 -0.436
-9.063 4.226 -6.993 11.954 -8.034 17.862 -1.134 1.396 -0.436
-8.660 5.000 -5.924 12.518 -6.447 18.495 -1.047 1.396 -0.436
-8.192 5.736 -4.811 12.986 -4.811 18.986 -0.960 1.396 -0.436
-8.192 5.736 -4.192 12.664 -3.669 18.641 -0.960 1.484 -0.436
-8.192 5.736 -3.603 12.289 -2.561 18.198 -0.960 1.571 -0.436
-8.192 5.736 -3.049 11.864 -1.496 17.660 -0.960 1.658 -0.436
-8.192 5.736 -2.535 11.393 -0.483 17.031 -0.960 1.745 -0.436
-8.192 5.736 -2.063 10.878 0.473 16.316 -0.960 1.833 -0.436
-8.192 5.736 -1.638 10.324 1.362 15.521 -0.960 1.920 -0.436
-8.192 5.736 -1.263 9.736 2.178 14.651 -0.960 2.007 -0.436
-8.192 5.736 -1.263 9.736 1.737 14.932 -0.960 2.007 -0.524
-8.192 5.736 -1.263 9.736 1.272 15.174 -0.960 2.007 -0.611
-8.192 5.736 -1.263 9.736 0.789 15.374 -0.960 2.007 -0.698
-8.192 5.736 -1.263 9.736 0.290 15.531 -0.960 2.007 -0.785
-8.192 5.736 -1.263 9.736 -0.221 15.645 -0.960 2.007 -0.873
-8.192 5.736 -1.263 9.736 -0.740 15.713 -0.960 2.007 -0.960
-8.192 5.736 -1.263 9.736 -1.263 15.736 -0.960 2.007 -1.047
-8.192 5.736 -1.263 9.736 -1.786 15.713 -0.960 2.007 -1.134
-8.192 5.736 -1.263 9.736 -2.305 15.645 -0.960 2.007 -1.222
-8.192 5.736 -1.263 9.736 -2.816 15.531 -0.960 2.007 -1.309
-8.192 5.736 -1.263 9.736 -3.315 15.374 -0.960 2.007 -1.396
-8.192 5.736 -0.941 9.117 -2.494 14.912 -0.960 2.094 -1.396
-8.192 5.736 -0.941 9.117 -1.983 15.026 -0.960 2.094 -1.309
-8.192 5.736 -0.941 9.117 -1.464 15.094 -0.960 2.094 -1.222
-8.192 5.736 -0.941 9.117 -0.941 15.117 -0.960 2.094 -1.134
-8.192 5.736 -0.941 9.117 -0.418 15.094 -0.960 2.094 -1.047
-8.192 5.736 -0.941 9.117 0.101 15.026 -0.960 2.094 -0.960
-8.192 5.736 -0.941 9.117 0.612 14.912 -0.960 2.094 -0.873
-8.192 5.736 -0.941 9.117 1.111 14.755 -0.960 2.094 -0.785
-8.192 5.736 -0.941 9.117 1.595 14.555 -0.960 2.094 -0.698
-8.192 5.736 -0.941 9.117 2.059 14.313 -0.960 2.094 -0.611
-8.192 5.736 -0.941 9.117 1.595 14.555 -0.960 2.094 -0.698
-8.192 5.736 -0.941 9.117 1.111 14.755 -0.960 2.094 -0.785
-8.192 5.736 -0.941 9.117 0.612 14.912 -0.960 2.094 -0.873
-8.192 5.736 -0.941 9.117 0.101 15.026 -0.960 2.094 -0.960
-8.660 5.000 -1.732 9.000 -1.209 14.977 -1.047 2.094 -0.960
-9.063 4.226 -2.510 8.815 -2.510 14.815 -1.134 2.094 -0.960
-9.397 3.420 -3.269 8.563 -3.792 14.540 -1.222 2.094 -0.960
-9.659 2.588 -4.002 8.245 -5.044 14.154 -1.309 2.094 -0.960
-9.659 2.588 -4.002 8.245 -4.525 14.222 -1.309 2.094 -0.873
-9.659 2.588 -4.002 8.245 -4.002 14.245 -1.309 2.094 -0.785
-9.659 2.588 -4.002 8.245 -3.479 14.222 -1.309 2.094 -0.698
-9.659 2.588 -4.002 8.245 -2.961 14.154 -1.309 2.094 -0.611
-9.659 2.588 -4.002 8.245 -2.449 14.041 -1.309 2.094 -0.524
-9.659 2.588 -4.002 8.245 -1.950 13.883 -1.309 2.094 -0.436
-9.659 2.588 -4.002 8.245 -1.467 13.683 -1.309 2.094 -0.349
-9.659 2.588 -4.002 8.245 -1.002 13.441 -1.309 2.094 -0.262
-9.659 2.588 -4.002 8.245 -0.561 13.160 -1.309 2.094 -0.175
-9.659 2.588 -4.002 8.245 -0.146 12.841 -1.309 2.094 -0.087
-9.659 2.588 -4.002 8.245 0.240 12.488 -1.309 2.094 -0.000
-9.659 2.588 -4.002 8.245 0.594 12.102 -1.309 2.094 0.087
-9.659 2.588 -4.002 8.245 0.240 12.488 -1.309 2.094 -0.000
-9.659 2.588 -4.002 8.245 -0.146 12.841 -1.309 2.094 -0.087
-9.659 2.588 -4.002 8.245 -0.561 13.160 -1.309 2.094 -0.175
-9.659 2.588 -4.002 8.245 -1.002 13.441 -1.309 2.094 -0.262
-9.659 2.588 -4.002 8.245 -1.467 13.683 -1.309 2.094 -0.349
-9.659 2.588 -4.002 8.245 -1.950 13.883 -1.309 2.094 -0.436
-9.659 2.588 -4.002 8.245 -2.449 14.041 -1.309 2.094 -0.524
-9.659 2.588 -4.002 8.245 -2.961 14.154 -1.309 2.094 -0.611
-9.659 2.588 -4.002 8.245 -3.479 14.222 -1.309 2.094 -0.698
-9.659 2.588 -4.002 8.245 -4.002 14.245 -1.309 2.094 -0.785
-9.659 2.588 -4.002 8.245 -4.525 14.222 -1.309 2.094 -0.873
-9.659 2.588 -4.002 8.245 -5.044 14.154 -1.309 2.094 -0.960
-9.659 2.588 -4.002 8.245 -5.555 14.041 -1.309 2.094 -1.047
-9.659 2.588 -4.002 8.245 -6.055 13.883 -1.309 2.094 -1.134
-9.659 2.588 -4.002 8.245 -6.538 13.683 -1.309 2.094 -1.222
-9.659 2.588 -4.002 8.245 -7.002 13.441 -1.309 2.094 -1.309
-9.659 2.588 -4.002 8.245 -7.444 13.160 -1.309 2.094 -1.396
-9.659 2.588 -4.002 8.245 -7.859 12.841 -1.309 2.094 -1.484
-9.659 2.588 -4.002 8.245 -7.444 13.160 -1.309 2.094 -1.396
-9.659 2.588 -4.002 8.245 -7.002 13.441 -1.309 2.094 -1.309
-9.659 2.588 -4.002 8.245 -6.538 13.683 -1.309 2.094 -1.222
-9.659 2.588 -4.002 8.245 -6.055 13.883 -1.309 2.094 -1.134
-9.659 2.588 -4.002 8.245 -5.555 14.041 -1.309 2.094 -1.047
-9.659 2.588 -4.002 8.245 -5.044 14.154 -1.309 2.094 -0.960
-9.659 2.588 -4.002 8.245 -4.525 14.222 -1.309 2.094 -0.873
-9.659 2.588 -4.002 8.245 -4.002 14.245 -1.309 2.094 -0.785
-9.659 2.588 -4.002 8.245 -3.479 14.222 -1.309 2.094 -0.698
-9.659 2.588 -4.002 8.245 -2.961 14.154 -1.309 2.094 -0.611
-9.659 2.588 -4.002 8.245 -2.449 14.041 -1.309 2.094 -0.524
-9.659 2.588 -4.002 8.245 -1.950 13.883 -1.309 2.094 -0.436