#a1_X a1_Y a2_X a2_Y a3_X a3_Y j_1 j_2 j_3
0.000 10.000 0.000 18.000 0.523 23.977 0.000 0.000 0.087
0.000 10.000 0.000 18.000 1.042 23.909 0.000 0.000 0.175
0.000 10.000 0.000 18.000 1.553 23.796 0.000 0.000 0.262
0.000 10.000 0.000 18.000 2.052 23.638 0.000 0.000 0.349
0.000 10.000 0.000 18.000 2.536 23.438 0.000 0.000 0.436
0.000 10.000 0.000 18.000 3.000 23.196 0.000 0.000 0.524
0.000 10.000 0.000 18.000 3.441 22.915 0.000 0.000 0.611
0.000 10.000 0.000 18.000 3.857 22.596 0.000 0.000 0.698
0.000 10.000 0.000 18.000 4.243 22.243 0.000 0.000 0.785
0.000 10.000 0.000 18.000 4.596 21.857 0.000 0.000 0.873
0.000 10.000 0.000 18.000 4.915 21.441 0.000 0.000 0.960
0.000 10.000 0.000 18.000 5.196 21.000 0.000 0.000 1.047
0.000 10.000 0.000 18.000 5.438 20.536 0.000 0.000 1.134
0.000 10.000 0.000 18.000 5.638 20.052 0.000 0.000 1.222
0.000 10.000 0.000 18.000 5.796 19.553 0.000 0.000 1.309
0.000 10.000 0.000 18.000 5.909 19.042 0.000 0.000 1.396
0.000 10.000 0.000 18.000 5.977 18.523 0.000 0.000 1.484
0.000 10.000 0.000 18.000 6.000 18.000 0.000 0.000 1.571
0.000 10.000 0.697 17.970 6.674 17.447 0.000 0.087 1.571
0.000 10.000 1.389 17.878 7.298 16.837 0.000 0.175 1.571
0.000 10.000 2.071 17.727 7.866 16.174 0.000 0.262 1.571
0.000 10.000 2.736 17.518 8.374 15.465 0.000 0.349 1.571
-0.872 9.962 1.199 17.689 6.995 16.136 -0.087 0.349 1.571
-1.736 9.848 -0.347 17.727 5.562 16.685 -0.175 0.349 1.571
-2.588 9.659 -1.891 17.629 4.086 17.106 -0.262 0.349 1.571
-3.420 9.397 -3.420 17.397 2.580 17.397 -0.349 0.349 1.571
-4.226 9.063 -4.923 17.033 1.054 17.556 -0.436 0.349 1.571
-5.000 8.660 -6.389 16.539 -0.480 17.581 -0.524 0.349 1.571
-5.736 8.192 -7.806 15.919 -2.011 17.472 -0.611 0.349 1.571
-6.428 7.660 -9.164 15.178 -3.526 17.230 -0.698 0.349 1.571
-7.071 7.071 -10.452 14.322 -5.014 16.857 -0.785 0.349 1.571
-7.660 6.428 -11.660 13.356 -6.464 16.356 -0.873 0.349 1.571
-8.192 5.736 -12.780 12.289 -7.865 15.730 -0.960 0.349 1.571
-8.660 5.000 -13.803 11.128 -9.206 14.985 -1.047 0.349 1.571
-9.063 4.226 -14.720 9.883 -10.477 14.126 -1.134 0.349 1.571
-9.397 3.420 -15.525 8.563 -11.669 13.159 -1.222 0.349 1.571
-9.397 3.420 -15.525 8.563 -12.084 13.477 -1.222 0.349 1.484
-9.397 3.420 -15.525 8.563 -12.525 13.759 -1.222 0.349 1.396
-9.397 3.420 -15.525 8.563 -12.990 14.000 -1.222 0.349 1.309
-9.397 3.420 -15.525 8.563 -13.473 14.201 -1.222 0.349 1.222
-9.063 4.226 -14.720 9.883 -12.184 15.321 -1.134 0.349 1.222
-8.660 5.000 -13.803 11.128 -10.803 16.325 -1.047 0.349 1.222
-8.192 5.736 -12.780 12.289 -9.339 17.204 -0.960 0.349 1.222
-7.660 6.428 -11.660 13.356 -7.804 17.952 -0.873 0.349 1.222
-7.660 6.428 -12.249 12.981 -8.808 17.896 -0.873 0.262 1.222
-7.660 6.428 -12.803 12.556 -9.803 17.752 -0.873 0.175 1.222
-7.660 6.428 -13.317 12.085 -10.782 17.523 -0.873 0.087 1.222
-7.660 6.428 -13.789 11.570 -11.737 17.208 -0.873 -0.000 1.222
-7.660 6.428 -14.214 11.016 -12.661 16.812 -0.873 -0.087 1.222
-7.660 6.428 -14.589 10.428 -13.547 16.337 -0.873 -0.175 1.222
-7.660 6.428 -14.911 9.809 -14.388 15.786 -0.873 -0.262 1.222
-7.660 6.428 -15.178 9.164 -15.178 15.164 -0.873 -0.349 1.222
-7.071 7.071 -14.322 10.452 -13.799 16.429 -0.785 -0.349 1.222
-6.428 7.660 -13.356 11.660 -12.314 17.569 -0.698 -0.349 1.222
-5.736 8.192 -12.289 12.780 -10.736 18.576 -0.611 -0.349 1.222
-5.000 8.660 -11.128 13.803 -9.076 19.441 -0.524 -0.349 1.222
-4.226 9.063 -9.883 14.720 -7.347 20.158 -0.436 -0.349 1.222
-3.420 9.397 -8.563 15.525 -5.563 20.721 -0.349 -0.349 1.222
-2.588 9.659 -7.177 16.212 -3.735 21.127 -0.262 -0.349 1.222
-1.736 9.848 -5.736 16.776 -1.880 21.373 -0.175 -0.349 1.222
-0.872 9.962 -4.253 17.212 -0.010 21.455 -0.087 -0.349 1.222
0.000 10.000 -2.736 17.518 1.860 21.374 0.000 -0.349 1.222
0.872 9.962 -1.199 17.689 3.716 21.131 0.087 -0.349 1.222
1.736 9.848 0.347 17.727 5.543 20.727 0.175 -0.349 1.222
1.736 9.848 1.039 17.818 6.477 20.353 0.175 -0.262 1.222
1.736 9.848 1.736 17.848 7.375 19.900 0.175 -0.175 1.222
0.872 9.962 0.174 17.932 5.612 20.467 0.087 -0.175 1.222
0.000 10.000 -1.389 17.878 3.807 20.878 0.000 -0.175 1.222
-0.872 9.962 -2.942 17.689 1.973 21.131 -0.087 -0.175 1.222
-1.736 9.848 -4.473 17.366 0.124 21.222 -0.175 -0.175 1.222
-2.588 9.659 -5.969 16.910 -1.726 21.152 -0.262 -0.175 1.222
-3.420 9.397 -7.420 16.325 -3.563 20.921 -0.349 -0.175 1.222
-4.226 9.063 -8.815 15.616 -5.373 20.531 -0.436 -0.175 1.222
-5.000 8.660 -10.142 14.789 -7.142 19.985 -0.524 -0.175 1.222
-5.736 8.192 -11.393 13.848 -8.857 19.286 -0.611 -0.175 1.222
-6.428 7.660 -12.556 12.803 -10.504 18.441 -0.698 -0.175 1.222
-7.071 7.071 -13.624 11.660 -12.071 17.455 -0.785 -0.175 1.222
-7.660 6.428 -14.589 10.428 -13.547 16.337 -0.873 -0.175 1.222
-8.192 5.736 -15.442 9.117 -14.919 15.094 -0.960 -0.175 1.222
-8.192 5.736 -15.709 8.472 -15.709 14.472 -0.960 -0.262 1.222
-8.192 5.736 -15.709 8.472 -15.186 14.449 -0.960 -0.262 1.309
-8.192 5.736 -15.709 8.472 -14.667 14.381 -0.960 -0.262 1.396
-8.192 5.736 -15.709 8.472 -14.156 14.267 -0.960 -0.262 1.484
-7.660 6.428 -14.911 9.809 -12.859 15.447 -0.873 -0.262 1.484
-7.071 7.071 -13.999 11.071 -11.464 16.509 -0.785 -0.262 1.484
-6.428 7.660 -12.981 12.249 -9.981 17.445 -0.698 -0.262 1.484
-5.736 8.192 -11.864 13.334 -8.423 18.249 -0.611 -0.262 1.484
-5.736 8.192 -11.393 13.848 -7.536 18.445 -0.611 -0.175 1.484
-5.736 8.192 -10.878 14.320 -6.635 18.563 -0.611 -0.087 1.484
-5.736 8.192 -10.324 14.745 -5.728 18.601 -0.611 -0.000 1.484
-5.736 8.192 -9.736 15.120 -4.821 18.561 -0.611 0.087 1.484
-5.736 8.192 -9.117 15.442 -3.921 18.442 -0.611 0.175 1.484
-5.736 8.192 -8.472 15.709 -3.034 18.245 -0.611 0.262 1.484
-5.736 8.192 -7.806 15.919 -2.168 17.971 -0.611 0.349 1.484
-5.736 8.192 -7.125 16.070 -1.329 17.623 -0.611 0.436 1.484
-5.736 8.192 -6.433 16.161 -0.524 17.203 -0.611 0.524 1.484
-5.736 8.192 -5.736 16.192 0.241 16.714 -0.611 0.611 1.484
-5.736 8.192 -5.039 16.161 0.961 16.161 -0.611 0.698 1.484
-5.736 8.192 -4.347 16.070 1.631 15.547 -0.611 0.785 1.484
-5.736 8.192 -3.665 15.919 2.244 14.877 -0.611 0.873 1.484
-5.736 8.192 -3.000 15.709 2.796 14.156 -0.611 0.960 1.484
-5.736 8.192 -3.665 15.919 2.244 14.877 -0.611 0.873 1.484
-5.736 8.192 -4.347 16.070 1.631 15.547 -0.611 0.785 1.484
-5.736 8.192 -5.039 16.161 0.961 16.161 -0.611 0.698 1.484
-5.736 8.192 -5.736 16.192 0.241 16.714 -0.611 0.611 1.484
-5.736 8.192 -6.433 16.161 -0.524 17.203 -0.611 0.524 1.484
-5.736 8.192 -7.125 16.070 -1.329 17.623 -0.611 0.436 1.484
-5.736 8.192 -7.806 15.919 -2.168 17.971 -0.611 0.349 1.484
-5.736 8.192 -8.472 15.709 -3.034 18.245 -0.611 0.262 1.484
-5.736 8.192 -9.117 15.442 -3.921 18.442 -0.611 0.175 1.484
-5.736 8.192 -9.736 15.120 -4.821 18.561 -0.611 0.087 1.484
-5.736 8.192 -10.324 14.745 -5.728 18.601 -0.611 -0.000 1.484
-5.736 8.192 -10.878 14.320 -6.635 18.563 -0.611 -0.087 1.484
-5.736 8.192 -10.878 14.320 -7.021 18.916 -0.611 -0.087 1.396
-5.736 8.192 -10.878 14.320 -7.437 19.235 -0.611 -0.087 1.309
-5.736 8.192 -10.878 14.320 -7.878 19.516 -0.611 -0.087 1.222
-5.736 8.192 -10.878 14.320 -7.437 19.235 -0.611 -0.087 1.309
-5.736 8.192 -10.878 14.320 -7.021 18.916 -0.611 -0.087 1.396
-5.736 8.192 -10.878 14.320 -6.635 18.563 -0.611 -0.087 1.484
-5.736 8.192 -10.878 14.320 -6.282 18.177 -0.611 -0.087 1.571
-5.736 8.192 -10.324 14.745 -5.409 18.186 -0.611 -0.000 1.571
-5.736 8.192 -9.736 15.120 -4.540 18.120 -0.611 0.087 1.571
-5.736 8.192 -9.117 15.442 -3.679 17.978 -0.611 0.175 1.571
-5.736 8.192 -8.472 15.709 -2.834 17.761 -0.611 0.262 1.571
-5.736 8.192 -7.806 15.919 -2.011 17.472 -0.611 0.349 1.571
-5.736 8.192 -7.125 16.070 -1.216 17.112 -0.611 0.436 1.571
-6.428 7.660 -8.498 15.388 -2.703 16.941 -0.698 0.436 1.571
-7.071 7.071 -9.807 14.589 -4.169 16.641 -0.785 0.436 1.571
-7.660 6.428 -11.041 13.678 -5.604 16.214 -0.873 0.436 1.571
-8.192 5.736 -12.192 12.664 -6.995 15.664 -0.960 0.436 1.571
-8.660 5.000 -13.249 11.553 -8.334 14.995 -1.047 0.436 1.571
-9.063 4.226 -14.205 10.355 -9.609 14.211 -1.134 0.436 1.571
-9.397 3.420 -15.054 9.077 -10.811 13.320 -1.222 0.436 1.571
-9.659 2.588 -15.788 7.730 -11.931 12.327 -1.309 0.436 1.571
-9.397 3.420 -15.054 9.077 -10.811 13.320 -1.222 0.436 1.571
-9.063 4.226 -14.205 10.355 -9.609 14.211 -1.134 0.436 1.571
-8.660 5.000 -13.249 11.553 -8.334 14.995 -1.047 0.436 1.571
-8.192 5.736 -12.192 12.664 -6.995 15.664 -0.960 0.436 1.571
-8.192 5.736 -11.572 12.986 -6.135 15.522 -0.960 0.524 1.571
-8.192 5.736 -10.928 13.253 -5.290 15.305 -0.960 0.611 1.571
-8.192 5.736 -10.262 13.463 -4.467 15.016 -0.960 0.698 1.571