#a1_X a1_Y a2_X a2_Y a3_X a3_Y j_1 j_2 j_3
-0.872 9.962 -1.569 17.932 -2.092 23.909 -0.087 0.000 0.000
-1.736 9.848 -3.126 17.727 -4.168 23.635 -0.175 0.000 0.000
-2.588 9.659 -4.659 17.387 -6.212 23.182 -0.262 0.000 0.000
-3.420 9.397 -6.156 16.914 -8.208 22.553 -0.349 0.000 0.000
-4.226 9.063 -7.607 16.314 -10.143 21.751 -0.436 0.000 0.000
-5.000 8.660 -9.000 15.588 -12.000 20.785 -0.524 0.000 0.000
-5.000 8.660 -8.381 15.911 -10.917 21.349 -0.524 0.087 0.000
-5.000 8.660 -7.736 16.178 -9.788 21.816 -0.524 0.175 0.000
-5.000 8.660 -7.071 16.388 -8.623 22.183 -0.524 0.262 0.000
-5.000 8.660 -6.389 16.539 -7.431 22.448 -0.524 0.349 0.000
-5.000 8.660 -5.697 16.630 -6.220 22.607 -0.524 0.436 0.000
-5.000 8.660 -5.000 16.660 -5.000 22.660 -0.524 0.524 0.000
-5.000 8.660 -4.303 16.630 -3.780 22.607 -0.524 0.611 0.000
-5.000 8.660 -5.000 16.660 -5.000 22.660 -0.524 0.524 0.000
-5.000 8.660 -5.697 16.630 -6.220 22.607 -0.524 0.436 0.000
-5.000 8.660 -6.389 16.539 -7.431 22.448 -0.524 0.349 0.000
-5.000 8.660 -6.389 16.539 -7.942 22.334 -0.524 0.349 -0.087
-5.000 8.660 -6.389 16.539 -8.441 22.177 -0.524 0.349 -0.175
-5.000 8.660 -6.389 16.539 -8.925 21.977 -0.524 0.349 -0.262
-5.000 8.660 -6.389 16.539 -9.389 21.735 -0.524 0.349 -0.349
-5.000 8.660 -5.697 16.630 -8.233 22.068 -0.524 0.436 -0.349
-5.000 8.660 -5.000 16.660 -7.052 22.298 -0.524 0.524 -0.349
-5.000 8.660 -4.303 16.630 -5.856 22.425 -0.524 0.611 -0.349
-5.000 8.660 -3.611 16.539 -4.653 22.448 -0.524 0.698 -0.349
-5.000 8.660 -2.929 16.388 -3.452 22.365 -0.524 0.785 -0.349
-5.000 8.660 -3.611 16.539 -4.653 22.448 -0.524 0.698 -0.349
-5.000 8.660 -4.303 16.630 -5.856 22.425 -0.524 0.611 -0.349
-5.000 8.660 -5.000 16.660 -7.052 22.298 -0.524 0.524 -0.349
-5.736 8.192 -6.433 16.161 -8.969 21.599 -0.611 0.524 -0.349
-6.428 7.660 -7.817 15.539 -10.817 20.735 -0.698 0.524 -0.349
-7.071 7.071 -9.142 14.798 -12.583 19.713 -0.785 0.524 -0.349
-7.660 6.428 -10.397 13.945 -14.253 18.542 -0.873 0.524 -0.349
-8.192 5.736 -11.572 12.986 -15.815 17.229 -0.960 0.524 -0.349
-8.192 5.736 -11.572 12.986 -15.429 17.582 -0.960 0.524 -0.262
-8.192 5.736 -11.572 12.986 -15.014 17.901 -0.960 0.524 -0.175
-8.192 5.736 -11.572 12.986 -14.572 18.182 -0.960 0.524 -0.087
-8.192 5.736 -11.572 12.986 -14.108 18.424 -0.960 0.524 0.000
-8.192 5.736 -11.572 12.986 -13.625 18.624 -0.960 0.524 0.087
-8.192 5.736 -11.572 12.986 -13.125 18.782 -0.960 0.524 0.175
-8.192 5.736 -11.572 12.986 -12.614 18.895 -0.960 0.524 0.262
-8.192 5.736 -11.572 12.986 -12.095 18.963 -0.960 0.524 0.349
-8.192 5.736 -11.572 12.986 -11.572 18.986 -0.960 0.524 0.436
-8.192 5.736 -11.572 12.986 -11.050 18.963 -0.960 0.524 0.524
-8.192 5.736 -11.572 12.986 -10.531 18.895 -0.960 0.524 0.611
-8.192 5.736 -11.572 12.986 -10.020 18.782 -0.960 0.524 0.698
-8.192 5.736 -11.572 12.986 -9.520 18.624 -0.960 0.524 0.785
-8.192 5.736 -11.572 12.986 -9.037 18.424 -0.960 0.524 0.873
-8.192 5.736 -11.572 12.986 -8.572 18.182 -0.960 0.524 0.960
-8.192 5.736 -11.572 12.986 -8.131 17.901 -0.960 0.524 1.047
-8.192 5.736 -11.572 12.986 -7.716 17.582 -0.960 0.524 1.134
-8.192 5.736 -11.572 12.986 -7.330 17.229 -0.960 0.524 1.222
-8.192 5.736 -10.928 13.253 -6.331 17.110 -0.960 0.611 1.222
-8.192 5.736 -10.262 13.463 -5.347 16.905 -0.960 0.698 1.222
-8.192 5.736 -9.581 13.614 -4.385 16.614 -0.960 0.785 1.222
-8.192 5.736 -8.889 13.705 -3.451 16.241 -0.960 0.873 1.222
-8.192 5.736 -8.192 13.736 -2.553 15.788 -0.960 0.960 1.222
-8.192 5.736 -7.494 13.705 -1.699 15.258 -0.960 1.047 1.222
-8.192 5.736 -6.802 13.614 -0.893 14.656 -0.960 1.134 1.222
-8.192 5.736 -6.121 13.463 -0.144 13.986 -0.960 1.222 1.222
-8.192 5.736 -5.455 13.253 0.545 13.253 -0.960 1.309 1.222
-8.192 5.736 -4.811 12.986 1.167 12.463 -0.960 1.396 1.222