#a1_X a1_Y a2_X a2_Y a3_X a3_Y j_1 j_2 j_3
0.872 9.962 1.569 17.932 2.092 23.909 0.087 0.000 0.000
0.000 10.000 0.000 18.000 0.000 24.000 0.000 0.000 0.000
-0.872 9.962 -1.569 17.932 -2.092 23.909 -0.087 0.000 0.000
-1.736 9.848 -3.126 17.727 -4.168 23.635 -0.175 0.000 0.000
-1.736 9.848 -2.434 17.818 -2.957 23.795 -0.175 0.087 0.000
-1.736 9.848 -1.736 17.848 -1.736 23.848 -0.175 0.175 0.000
-1.736 9.848 -1.039 17.818 -0.516 23.795 -0.175 0.262 0.000
-1.736 9.848 -0.347 17.727 0.695 23.635 -0.175 0.349 0.000
-1.736 9.848 0.334 17.575 1.887 23.371 -0.175 0.436 0.000
-1.736 9.848 1.000 17.366 3.052 23.004 -0.175 0.524 0.000
-1.736 9.848 1.644 17.099 4.180 22.536 -0.175 0.611 0.000
-1.736 9.848 2.264 16.776 5.264 21.972 -0.175 0.698 0.000
-1.736 9.848 2.852 16.401 6.294 21.316 -0.175 0.785 0.000
-1.736 9.848 3.406 15.976 7.263 20.573 -0.175 0.873 0.000
-1.736 9.848 3.406 15.976 6.847 20.891 -0.175 0.873 -0.087
-1.736 9.848 3.406 15.976 6.406 21.173 -0.175 0.873 -0.175
-1.736 9.848 3.406 15.976 5.942 21.414 -0.175 0.873 -0.262
-1.736 9.848 3.406 15.976 5.458 21.615 -0.175 0.873 -0.349
-1.736 9.848 3.406 15.976 4.959 21.772 -0.175 0.873 -0.436
-1.736 9.848 3.406 15.976 4.448 21.885 -0.175 0.873 -0.524
-1.736 9.848 3.406 15.976 3.929 21.954 -0.175 0.873 -0.611
-1.736 9.848 3.406 15.976 4.448 21.885 -0.175 0.873 -0.524
-1.736 9.848 3.406 15.976 4.959 21.772 -0.175 0.873 -0.436
-1.736 9.848 3.406 15.976 5.458 21.615 -0.175 0.873 -0.349
-1.736 9.848 3.406 15.976 5.942 21.414 -0.175 0.873 -0.262
-1.736 9.848 3.406 15.976 5.458 21.615 -0.175 0.873 -0.349
-1.736 9.848 3.406 15.976 4.959 21.772 -0.175 0.873 -0.436
-1.736 9.848 3.406 15.976 4.448 21.885 -0.175 0.873 -0.524
-1.736 9.848 3.406 15.976 3.929 21.954 -0.175 0.873 -0.611
-1.736 9.848 3.406 15.976 3.406 21.976 -0.175 0.873 -0.698
-1.736 9.848 2.852 16.401 2.329 22.378 -0.175 0.785 -0.698
-1.736 9.848 2.264 16.776 1.222 22.685 -0.175 0.698 -0.698
-1.736 9.848 1.644 17.099 0.092 22.894 -0.175 0.611 -0.698
-1.736 9.848 1.000 17.366 -1.052 23.004 -0.175 0.524 -0.698
-1.736 9.848 0.334 17.575 -2.202 23.013 -0.175 0.436 -0.698
-1.736 9.848 -0.347 17.727 -3.347 22.923 -0.175 0.349 -0.698
-0.872 9.962 1.199 17.689 -1.337 23.127 -0.087 0.349 -0.698
0.000 10.000 2.736 17.518 0.684 23.156 0.000 0.349 -0.698
-0.872 9.962 1.199 17.689 -1.337 23.127 -0.087 0.349 -0.698
-1.736 9.848 -0.347 17.727 -3.347 22.923 -0.175 0.349 -0.698
-2.588 9.659 -1.891 17.629 -5.332 22.544 -0.262 0.349 -0.698
-3.420 9.397 -3.420 17.397 -7.277 21.993 -0.349 0.349 -0.698
-2.588 9.659 -1.891 17.629 -5.332 22.544 -0.262 0.349 -0.698
-1.736 9.848 -0.347 17.727 -3.347 22.923 -0.175 0.349 -0.698
-0.872 9.962 1.199 17.689 -1.337 23.127 -0.087 0.349 -0.698
0.000 10.000 2.736 17.518 0.684 23.156 0.000 0.349 -0.698
0.000 10.000 2.736 17.518 1.183 23.313 0.000 0.349 -0.611
0.000 10.000 2.736 17.518 1.694 23.426 0.000 0.349 -0.524
0.000 10.000 2.736 17.518 2.213 23.495 0.000 0.349 -0.436
0.000 10.000 2.736 17.518 2.736 23.518 0.000 0.349 -0.349
0.000 10.000 2.736 17.518 3.259 23.495 0.000 0.349 -0.262
0.000 10.000 2.736 17.518 3.778 23.426 0.000 0.349 -0.175
0.000 10.000 2.736 17.518 4.289 23.313 0.000 0.349 -0.087
0.000 10.000 2.736 17.518 4.788 23.156 0.000 0.349 0.000
0.000 10.000 2.736 17.518 5.272 22.955 0.000 0.349 0.087
0.000 10.000 2.736 17.518 5.736 22.714 0.000 0.349 0.175
0.000 10.000 2.736 17.518 6.178 22.432 0.000 0.349 0.262
0.000 10.000 2.071 17.727 5.071 22.924 0.000 0.262 0.262
0.000 10.000 1.389 17.878 3.925 23.316 0.000 0.175 0.262
0.000 10.000 0.697 17.970 2.749 23.608 0.000 0.087 0.262
0.000 10.000 -0.000 18.000 1.553 23.796 0.000 -0.000 0.262
0.000 10.000 -0.000 18.000 1.042 23.909 0.000 -0.000 0.175
0.000 10.000 -0.000 18.000 0.523 23.977 0.000 -0.000 0.087
0.000 10.000 -0.000 18.000 0.000 24.000 0.000 -0.000 0.000
0.000 10.000 -0.000 18.000 -0.523 23.977 0.000 -0.000 -0.087
0.000 10.000 -0.000 18.000 -1.042 23.909 0.000 -0.000 -0.175
0.000 10.000 -0.000 18.000 -1.553 23.796 0.000 -0.000 -0.262
0.000 10.000 -0.000 18.000 -2.052 23.638 0.000 -0.000 -0.349
0.000 10.000 -0.000 18.000 -2.536 23.438 0.000 -0.000 -0.436
0.000 10.000 -0.000 18.000 -3.000 23.196 0.000 -0.000 -0.524
0.000 10.000 -0.000 18.000 -3.441 22.915 0.000 -0.000 -0.611
0.000 10.000 -0.000 18.000 -3.857 22.596 0.000 -0.000 -0.698
0.000 10.000 -0.000 18.000 -4.243 22.243 0.000 -0.000 -0.785
0.000 10.000 -0.000 18.000 -4.596 21.857 0.000 -0.000 -0.873
0.000 10.000 -0.000 18.000 -4.915 21.441 0.000 -0.000 -0.960
0.000 10.000 -0.000 18.000 -5.196 21.000 0.000 -0.000 -1.047
0.000 10.000 -0.000 18.000 -5.438 20.536 0.000 -0.000 -1.134
0.000 10.000 -0.000 18.000 -5.638 20.052 0.000 -0.000 -1.222
0.000 10.000 -0.000 18.000 -5.796 19.553 0.000 -0.000 -1.309