#a1_X a1_Y a2_X a2_Y a3_X a3_Y j_1 j_2 j_3
-0.872 9.962 -1.569 17.932 -2.092 23.909 -0.087 0.000 0.000
-1.736 9.848 -3.126 17.727 -4.168 23.635 -0.175 0.000 0.000
-2.588 9.659 -4.659 17.387 -6.212 23.182 -0.262 0.000 0.000
-2.588 9.659 -5.324 17.177 -7.376 22.815 -0.262 -0.087 0.000
-2.588 9.659 -5.969 16.910 -8.505 22.348 -0.262 -0.175 0.000
-2.588 9.659 -6.588 16.587 -9.588 21.784 -0.262 -0.262 0.000
-2.588 9.659 -7.177 16.212 -10.618 21.127 -0.262 -0.349 0.000
-2.588 9.659 -7.730 15.788 -11.587 20.384 -0.262 -0.436 0.000
-2.588 9.659 -8.245 15.316 -12.488 19.559 -0.262 -0.524 0.000
-2.588 9.659 -8.717 14.802 -13.313 18.658 -0.262 -0.611 0.000
-2.588 9.659 -9.141 14.248 -14.056 17.689 -0.262 -0.698 0.000
-2.588 9.659 -9.516 13.659 -14.713 16.659 -0.262 -0.785 0.000
-2.588 9.659 -9.141 14.248 -14.056 17.689 -0.262 -0.698 0.000
-2.588 9.659 -8.717 14.802 -13.313 18.658 -0.262 -0.611 0.000
-2.588 9.659 -8.245 15.316 -12.488 19.559 -0.262 -0.524 0.000
-2.588 9.659 -7.730 15.788 -11.587 20.384 -0.262 -0.436 0.000
-2.588 9.659 -7.177 16.212 -10.618 21.127 -0.262 -0.349 0.000
-2.588 9.659 -6.588 16.587 -9.588 21.784 -0.262 -0.262 0.000
-2.588 9.659 -5.969 16.910 -8.505 22.348 -0.262 -0.175 0.000
-2.588 9.659 -5.324 17.177 -7.376 22.815 -0.262 -0.087 0.000
-2.588 9.659 -4.659 17.387 -6.212 23.182 -0.262 0.000 0.000
-2.588 9.659 -3.977 17.538 -5.019 23.447 -0.262 0.087 0.000
-2.588 9.659 -3.285 17.629 -3.808 23.606 -0.262 0.175 0.000
-2.588 9.659 -2.588 17.659 -2.588 23.659 -0.262 0.262 0.000
-1.736 9.848 -1.039 17.818 -0.516 23.795 -0.175 0.262 0.000
-0.872 9.962 0.518 17.840 1.560 23.749 -0.087 0.262 0.000
0.000 10.000 2.071 17.727 3.623 23.523 0.000 0.262 0.000
0.000 10.000 2.736 17.518 4.788 23.156 0.000 0.349 0.000
0.000 10.000 3.381 17.250 5.917 22.688 0.000 0.436 0.000
0.000 10.000 3.381 17.250 6.381 22.447 0.000 0.436 0.087
0.000 10.000 3.381 17.250 6.822 22.165 0.000 0.436 0.175
0.000 10.000 3.381 17.250 7.238 21.847 0.000 0.436 0.262
0.000 10.000 3.381 17.250 7.624 21.493 0.000 0.436 0.349
0.000 10.000 3.381 17.250 7.977 21.107 0.000 0.436 0.436
0.000 10.000 3.381 17.250 8.296 20.692 0.000 0.436 0.524
0.000 10.000 3.381 17.250 8.577 20.250 0.000 0.436 0.611
0.000 10.000 3.381 17.250 8.296 20.692 0.000 0.436 0.524
0.000 10.000 3.381 17.250 7.977 21.107 0.000 0.436 0.436
0.000 10.000 3.381 17.250 7.624 21.493 0.000 0.436 0.349
0.000 10.000 3.381 17.250 7.238 21.847 0.000 0.436 0.262
0.000 10.000 3.381 17.250 6.822 22.165 0.000 0.436 0.175
0.000 10.000 3.381 17.250 7.238 21.847 0.000 0.436 0.262
0.000 10.000 3.381 17.250 7.624 21.493 0.000 0.436 0.349
0.000 10.000 3.381 17.250 7.977 21.107 0.000 0.436 0.436
0.000 10.000 3.381 17.250 8.296 20.692 0.000 0.436 0.524
0.000 10.000 2.736 17.518 7.332 21.374 0.000 0.349 0.524
0.000 10.000 2.071 17.727 6.313 21.970 0.000 0.262 0.524
0.000 10.000 1.389 17.878 5.246 22.475 0.000 0.175 0.524
0.000 10.000 0.697 17.970 4.139 22.884 0.000 0.087 0.524
0.000 10.000 0.000 18.000 3.000 23.196 0.000 0.000 0.524
0.000 10.000 -0.697 17.970 1.838 23.407 0.000 -0.087 0.524
0.000 10.000 -1.389 17.878 0.663 23.517 0.000 -0.175 0.524
0.000 10.000 -2.071 17.727 -0.518 23.523 0.000 -0.262 0.524
0.000 10.000 -2.736 17.518 -1.694 23.426 0.000 -0.349 0.524
0.000 10.000 -3.381 17.250 -2.858 23.228 0.000 -0.436 0.524
0.000 10.000 -4.000 16.928 -4.000 22.928 0.000 -0.524 0.524
0.000 10.000 -4.589 16.553 -5.112 22.530 0.000 -0.611 0.524
0.000 10.000 -5.142 16.128 -6.184 22.037 0.000 -0.698 0.524
-0.872 9.962 -6.528 15.619 -8.081 21.414 -0.087 -0.698 0.524
-1.736 9.848 -7.865 14.990 -9.917 20.629 -0.175 -0.698 0.524
-2.588 9.659 -9.141 14.248 -11.677 19.686 -0.262 -0.698 0.524
-2.588 9.659 -9.141 14.248 -12.141 19.444 -0.262 -0.698 0.436
-2.588 9.659 -9.141 14.248 -12.583 19.163 -0.262 -0.698 0.349
-2.588 9.659 -9.141 14.248 -12.998 18.844 -0.262 -0.698 0.262
-3.420 9.397 -10.348 13.397 -14.591 17.640 -0.349 -0.698 0.262
-4.226 9.063 -11.477 12.444 -16.073 16.301 -0.436 -0.698 0.262
-5.000 8.660 -12.518 11.396 -17.432 14.838 -0.524 -0.698 0.262
-5.736 8.192 -13.463 10.262 -18.659 13.262 -0.611 -0.698 0.262
-5.736 8.192 -13.463 10.262 -18.901 12.798 -0.611 -0.698 0.175
-5.736 8.192 -13.463 10.262 -19.101 12.314 -0.611 -0.698 0.087
-5.736 8.192 -13.463 10.262 -19.259 11.815 -0.611 -0.698 -0.000
-5.736 8.192 -13.463 10.262 -19.372 11.304 -0.611 -0.698 -0.087
-5.736 8.192 -13.463 10.262 -19.440 10.785 -0.611 -0.698 -0.175
-5.736 8.192 -13.463 10.262 -19.463 10.262 -0.611 -0.698 -0.262
-5.736 8.192 -13.253 10.928 -19.230 11.451 -0.611 -0.611 -0.262
-5.736 8.192 -12.986 11.572 -18.895 12.614 -0.611 -0.524 -0.262
-5.736 8.192 -12.664 12.192 -18.460 13.744 -0.611 -0.436 -0.262
-5.736 8.192 -12.289 12.780 -17.927 14.832 -0.611 -0.349 -0.262
-5.736 8.192 -11.864 13.334 -17.302 15.870 -0.611 -0.262 -0.262
-5.736 8.192 -11.393 13.848 -16.589 16.848 -0.611 -0.175 -0.262
-5.736 8.192 -10.878 14.320 -15.793 17.761 -0.611 -0.087 -0.262
-5.736 8.192 -10.324 14.745 -14.921 18.601 -0.611 0.000 -0.262
-5.736 8.192 -9.736 15.120 -13.978 19.362 -0.611 0.087 -0.262
-5.736 8.192 -9.117 15.442 -12.973 20.038 -0.611 0.175 -0.262
-5.736 8.192 -8.472 15.709 -11.913 20.624 -0.611 0.262 -0.262
-5.736 8.192 -7.806 15.919 -10.806 21.115 -0.611 0.349 -0.262
-5.736 8.192 -7.125 16.070 -9.661 21.508 -0.611 0.436 -0.262
-5.736 8.192 -6.433 16.161 -8.485 21.799 -0.611 0.524 -0.262
-5.736 8.192 -5.736 16.192 -7.289 21.987 -0.611 0.611 -0.262
-5.736 8.192 -5.039 16.161 -6.080 22.070 -0.611 0.698 -0.262
-5.736 8.192 -4.347 16.070 -4.870 22.047 -0.611 0.785 -0.262
-5.736 8.192 -3.665 15.919 -3.665 21.919 -0.611 0.873 -0.262