#a1_X a1_Y a2_X a2_Y a3_X a3_Y j_1 j_2 j_3
0.872 9.962 1.569 17.932 2.092 23.909 0.087 0.000 0.000
0.872 9.962 2.261 17.840 3.303 23.749 0.087 0.087 0.000
0.872 9.962 2.942 17.689 4.495 23.485 0.087 0.175 0.000
0.872 9.962 2.942 17.689 3.984 23.598 0.087 0.175 -0.087
0.872 9.962 2.942 17.689 3.465 23.667 0.087 0.175 -0.175
0.872 9.962 2.942 17.689 2.942 23.689 0.087 0.175 -0.262
0.872 9.962 2.942 17.689 2.419 23.667 0.087 0.175 -0.349
0.872 9.962 2.942 17.689 1.900 23.598 0.087 0.175 -0.436
0.872 9.962 2.942 17.689 1.389 23.485 0.087 0.175 -0.524
0.872 9.962 2.942 17.689 0.890 23.328 0.087 0.175 -0.611
0.872 9.962 2.942 17.689 0.406 23.127 0.087 0.175 -0.698
0.872 9.962 2.942 17.689 -0.058 22.886 0.087 0.175 -0.785
0.872 9.962 2.942 17.689 -0.499 22.604 0.087 0.175 -0.873
0.872 9.962 2.942 17.689 -0.915 22.286 0.087 0.175 -0.960
0.872 9.962 2.942 17.689 -1.301 21.932 0.087 0.175 -1.047
0.872 9.962 2.942 17.689 -1.654 21.546 0.087 0.175 -1.134
0.872 9.962 2.942 17.689 -1.973 21.131 0.087 0.175 -1.222
0.872 9.962 2.942 17.689 -2.254 20.689 0.087 0.175 -1.309
0.872 9.962 2.942 17.689 -2.496 20.225 0.087 0.175 -1.396
0.872 9.962 2.942 17.689 -2.696 19.741 0.087 0.175 -1.484
0.872 9.962 2.942 17.689 -2.853 19.242 0.087 0.175 -1.571
0.000 10.000 1.389 17.878 -4.520 18.920 0.000 0.175 -1.571
-0.872 9.962 -0.174 17.932 -6.151 18.454 -0.087 0.175 -1.571
-1.736 9.848 -1.736 17.848 -7.736 17.848 -0.175 0.175 -1.571
-2.588 9.659 -3.285 17.629 -9.263 17.106 -0.262 0.175 -1.571
-1.736 9.848 -1.736 17.848 -7.736 17.848 -0.175 0.175 -1.571
-0.872 9.962 -0.174 17.932 -6.151 18.454 -0.087 0.175 -1.571
0.000 10.000 1.389 17.878 -4.520 18.920 0.000 0.175 -1.571
0.872 9.962 2.942 17.689 -2.853 19.242 0.087 0.175 -1.571
0.872 9.962 2.942 17.689 -2.696 19.741 0.087 0.175 -1.484
0.872 9.962 2.942 17.689 -2.496 20.225 0.087 0.175 -1.396
0.872 9.962 2.942 17.689 -2.254 20.689 0.087 0.175 -1.309
0.872 9.962 2.942 17.689 -1.973 21.131 0.087 0.175 -1.222
0.872 9.962 2.942 17.689 -1.654 21.546 0.087 0.175 -1.134
0.872 9.962 2.942 17.689 -1.301 21.932 0.087 0.175 -1.047
0.872 9.962 2.942 17.689 -0.915 22.286 0.087 0.175 -0.960
0.872 9.962 2.942 17.689 -0.499 22.604 0.087 0.175 -0.873
0.872 9.962 2.942 17.689 -0.058 22.886 0.087 0.175 -0.785
0.872 9.962 2.942 17.689 0.406 23.127 0.087 0.175 -0.698
0.872 9.962 2.942 17.689 0.890 23.328 0.087 0.175 -0.611
0.872 9.962 2.942 17.689 1.389 23.485 0.087 0.175 -0.524
0.872 9.962 2.261 17.840 0.209 23.479 0.087 0.087 -0.524
0.872 9.962 1.569 17.932 -0.967 23.369 0.087 -0.000 -0.524
0.872 9.962 0.872 17.962 -2.128 23.158 0.087 -0.087 -0.524
0.872 9.962 0.174 17.932 -3.267 22.846 0.087 -0.175 -0.524
0.872 9.962 -0.518 17.840 -4.374 22.437 0.087 -0.262 -0.524
0.872 9.962 -1.199 17.689 -5.442 21.932 0.087 -0.349 -0.524
0.872 9.962 -1.865 17.479 -6.461 21.336 0.087 -0.436 -0.524
0.872 9.962 -2.509 17.212 -7.424 20.654 0.087 -0.524 -0.524
0.872 9.962 -3.128 16.890 -8.325 19.890 0.087 -0.611 -0.524
0.872 9.962 -3.717 16.515 -9.155 19.051 0.087 -0.698 -0.524
0.872 9.962 -4.271 16.090 -9.909 18.142 0.087 -0.785 -0.524
0.872 9.962 -4.785 15.619 -10.581 17.172 0.087 -0.873 -0.524
0.872 9.962 -5.257 15.104 -11.166 16.146 0.087 -0.960 -0.524
0.872 9.962 -5.682 14.551 -11.659 15.073 0.087 -1.047 -0.524
0.872 9.962 -6.057 13.962 -12.057 13.962 0.087 -1.134 -0.524
0.872 9.962 -6.379 13.343 -12.356 12.820 0.087 -1.222 -0.524
0.872 9.962 -6.646 12.698 -12.555 11.656 0.087 -1.309 -0.524
0.872 9.962 -6.856 12.032 -12.651 10.480 0.087 -1.396 -0.524
0.872 9.962 -7.007 11.351 -12.645 9.299 0.087 -1.484 -0.524