#a1_X a1_Y a2_X a2_Y a3_X a3_Y j_1 j_2 j_3
0.000 10.000 0.000 18.000 -0.523 23.977 0.000 0.000 -0.087
0.000 10.000 0.000 18.000 -1.042 23.909 0.000 0.000 -0.175
0.000 10.000 0.000 18.000 -1.553 23.796 0.000 0.000 -0.262
0.000 10.000 0.000 18.000 -2.052 23.638 0.000 0.000 -0.349
0.000 10.000 0.000 18.000 -1.553 23.796 0.000 0.000 -0.262
0.000 10.000 0.000 18.000 -1.042 23.909 0.000 0.000 -0.175
0.000 10.000 0.000 18.000 -0.523 23.977 0.000 0.000 -0.087
0.000 10.000 0.000 18.000 0.000 24.000 0.000 0.000 0.000
0.000 10.000 0.000 18.000 0.523 23.977 0.000 0.000 0.087
0.000 10.000 0.000 18.000 1.042 23.909 0.000 0.000 0.175
0.000 10.000 0.000 18.000 1.553 23.796 0.000 0.000 0.262
0.872 9.962 1.569 17.932 3.621 23.570 0.087 0.000 0.262
0.872 9.962 2.261 17.840 4.796 23.278 0.087 0.087 0.262
0.872 9.962 2.942 17.689 5.942 22.886 0.087 0.175 0.262
0.872 9.962 2.942 17.689 5.478 23.127 0.087 0.175 0.175
0.872 9.962 2.942 17.689 4.994 23.328 0.087 0.175 0.087
0.872 9.962 2.942 17.689 4.495 23.485 0.087 0.175 0.000
0.872 9.962 2.942 17.689 3.984 23.598 0.087 0.175 -0.087
0.872 9.962 2.942 17.689 3.465 23.667 0.087 0.175 -0.175
0.872 9.962 2.942 17.689 2.942 23.689 0.087 0.175 -0.262
0.872 9.962 2.942 17.689 2.419 23.667 0.087 0.175 -0.349
0.872 9.962 2.942 17.689 1.900 23.598 0.087 0.175 -0.436
0.872 9.962 2.942 17.689 1.389 23.485 0.087 0.175 -0.524
0.872 9.962 2.942 17.689 0.890 23.328 0.087 0.175 -0.611
0.872 9.962 2.942 17.689 0.406 23.127 0.087 0.175 -0.698
0.872 9.962 2.942 17.689 -0.058 22.886 0.087 0.175 -0.785
0.872 9.962 2.942 17.689 -0.499 22.604 0.087 0.175 -0.873
0.872 9.962 2.942 17.689 -0.915 22.286 0.087 0.175 -0.960
0.872 9.962 2.942 17.689 -1.301 21.932 0.087 0.175 -1.047
0.872 9.962 2.942 17.689 -1.654 21.546 0.087 0.175 -1.134
0.872 9.962 2.942 17.689 -1.973 21.131 0.087 0.175 -1.222
0.872 9.962 2.942 17.689 -2.254 20.689 0.087 0.175 -1.309
0.872 9.962 2.942 17.689 -2.496 20.225 0.087 0.175 -1.396
0.872 9.962 2.942 17.689 -2.696 19.741 0.087 0.175 -1.484
0.872 9.962 2.942 17.689 -2.853 19.242 0.087 0.175 -1.571
0.872 9.962 2.261 17.840 -3.648 18.882 0.087 0.087 -1.571
0.872 9.962 1.569 17.932 -4.408 18.454 0.087 -0.000 -1.571
0.872 9.962 0.872 17.962 -5.128 17.962 0.087 -0.087 -1.571
0.872 9.962 0.174 17.932 -5.803 17.409 0.087 -0.175 -1.571
0.872 9.962 -0.518 17.840 -6.426 16.799 0.087 -0.262 -1.571
0.872 9.962 -1.199 17.689 -6.995 16.136 0.087 -0.349 -1.571
0.872 9.962 -1.865 17.479 -7.503 15.427 0.087 -0.436 -1.571
0.872 9.962 -1.199 17.689 -6.995 16.136 0.087 -0.349 -1.571
0.872 9.962 -0.518 17.840 -6.426 16.799 0.087 -0.262 -1.571
0.872 9.962 0.174 17.932 -5.803 17.409 0.087 -0.175 -1.571
0.872 9.962 0.872 17.962 -5.128 17.962 0.087 -0.087 -1.571
0.872 9.962 0.872 17.962 -5.106 18.485 0.087 -0.087 -1.484
0.872 9.962 0.872 17.962 -5.037 19.004 0.087 -0.087 -1.396
0.872 9.962 0.872 17.962 -4.924 19.515 0.087 -0.087 -1.309
0.872 9.962 0.872 17.962 -4.767 20.014 0.087 -0.087 -1.222
0.872 9.962 0.872 17.962 -4.566 20.498 0.087 -0.087 -1.134
0.872 9.962 0.872 17.962 -4.325 20.962 0.087 -0.087 -1.047
0.872 9.962 0.872 17.962 -4.043 21.403 0.087 -0.087 -0.960
0.872 9.962 0.872 17.962 -3.725 21.819 0.087 -0.087 -0.873
0.872 9.962 0.872 17.962 -3.371 22.205 0.087 -0.087 -0.785
0.872 9.962 0.872 17.962 -2.985 22.558 0.087 -0.087 -0.698
0.872 9.962 0.872 17.962 -2.570 22.877 0.087 -0.087 -0.611
0.872 9.962 0.872 17.962 -2.128 23.158 0.087 -0.087 -0.524
0.000 10.000 -0.697 17.970 -4.139 22.884 0.000 -0.087 -0.524
-0.872 9.962 -2.261 17.840 -6.117 22.437 -0.087 -0.087 -0.524
-1.736 9.848 -3.807 17.575 -8.050 21.818 -0.175 -0.087 -0.524
-2.588 9.659 -5.324 17.177 -9.921 21.034 -0.262 -0.087 -0.524
-3.420 9.397 -6.801 16.647 -11.716 20.089 -0.349 -0.087 -0.524
-4.226 9.063 -8.226 15.991 -13.422 18.991 -0.436 -0.087 -0.524
-4.226 9.063 -8.815 15.616 -14.253 18.152 -0.436 -0.175 -0.524
-4.226 9.063 -9.368 15.191 -15.007 17.244 -0.436 -0.262 -0.524
-4.226 9.063 -9.883 14.720 -15.679 16.273 -0.436 -0.349 -0.524
-4.226 9.063 -10.355 14.205 -16.263 15.247 -0.436 -0.436 -0.524
-4.226 9.063 -10.779 13.652 -16.757 14.175 -0.436 -0.524 -0.524
-4.226 9.063 -11.154 13.063 -17.154 13.063 -0.436 -0.611 -0.524
-4.226 9.063 -11.477 12.444 -17.454 11.921 -0.436 -0.698 -0.524
-4.226 9.063 -11.154 13.063 -17.154 13.063 -0.436 -0.611 -0.524
-4.226 9.063 -10.779 13.652 -16.757 14.175 -0.436 -0.524 -0.524
-4.226 9.063 -10.355 14.205 -16.263 15.247 -0.436 -0.436 -0.524
-4.226 9.063 -9.883 14.720 -15.679 16.273 -0.436 -0.349 -0.524
-4.226 9.063 -9.368 15.191 -15.007 17.244 -0.436 -0.262 -0.524
-4.226 9.063 -8.815 15.616 -14.253 18.152 -0.436 -0.175 -0.524
-4.226 9.063 -8.226 15.991 -13.422 18.991 -0.436 -0.087 -0.524
-4.226 9.063 -7.607 16.314 -12.522 19.755 -0.436 -0.000 -0.524
-4.226 9.063 -6.962 16.581 -11.559 20.437 -0.436 0.087 -0.524
-4.226 9.063 -6.297 16.790 -10.539 21.033 -0.436 0.175 -0.524
-4.226 9.063 -5.615 16.942 -9.472 21.538 -0.436 0.262 -0.524
-4.226 9.063 -4.923 17.033 -8.365 21.948 -0.436 0.349 -0.524
-4.226 9.063 -4.226 17.063 -7.226 22.259 -0.436 0.436 -0.524
-4.226 9.063 -3.529 17.033 -6.065 22.470 -0.436 0.524 -0.524
-4.226 9.063 -2.837 16.942 -4.889 22.580 -0.436 0.611 -0.524
-4.226 9.063 -2.156 16.790 -3.709 22.586 -0.436 0.698 -0.524
-4.226 9.063 -1.490 16.581 -2.532 22.489 -0.436 0.785 -0.524
-4.226 9.063 -0.845 16.314 -1.368 22.291 -0.436 0.873 -0.524
-3.420 9.397 0.580 16.325 0.580 22.325 -0.349 0.873 -0.524
-2.588 9.659 2.000 16.212 2.523 22.190 -0.262 0.873 -0.524
-1.736 9.848 3.406 15.976 4.448 21.885 -0.175 0.873 -0.524
-2.588 9.659 2.000 16.212 2.523 22.190 -0.262 0.873 -0.524
-3.420 9.397 0.580 16.325 0.580 22.325 -0.349 0.873 -0.524
-4.226 9.063 -0.845 16.314 -1.368 22.291 -0.436 0.873 -0.524
-5.000 8.660 -2.264 16.178 -3.306 22.087 -0.524 0.873 -0.524
-5.000 8.660 -2.264 16.178 -3.817 21.973 -0.524 0.873 -0.611
-5.000 8.660 -2.264 16.178 -4.316 21.816 -0.524 0.873 -0.698
-5.000 8.660 -2.264 16.178 -4.800 21.616 -0.524 0.873 -0.785
-5.000 8.660 -2.264 16.178 -5.264 21.374 -0.524 0.873 -0.873