#a1_X a1_Y a2_X a2_Y a3_X a3_Y j_1 j_2 j_3
-0.872 9.962 -1.569 17.932 -2.092 23.909 -0.087 0.000 0.000
-1.736 9.848 -3.126 17.727 -4.168 23.635 -0.175 0.000 0.000
-2.588 9.659 -4.659 17.387 -6.212 23.182 -0.262 0.000 0.000
-2.588 9.659 -3.977 17.538 -5.019 23.447 -0.262 0.087 0.000
-2.588 9.659 -3.285 17.629 -3.808 23.606 -0.262 0.175 0.000
-2.588 9.659 -2.588 17.659 -2.588 23.659 -0.262 0.262 0.000
-2.588 9.659 -1.891 17.629 -1.368 23.606 -0.262 0.349 0.000
-2.588 9.659 -1.199 17.538 -0.157 23.447 -0.262 0.436 0.000
-2.588 9.659 -0.518 17.387 1.035 23.182 -0.262 0.524 0.000
-2.588 9.659 0.148 17.177 2.200 22.815 -0.262 0.611 0.000
-2.588 9.659 0.793 16.910 3.328 22.348 -0.262 0.698 0.000
-2.588 9.659 1.412 16.587 4.412 21.784 -0.262 0.785 0.000
-2.588 9.659 2.000 16.212 5.442 21.127 -0.262 0.873 0.000
-2.588 9.659 2.554 15.788 6.411 20.384 -0.262 0.960 0.000
-2.588 9.659 3.069 15.316 7.311 19.559 -0.262 1.047 0.000
-3.420 9.397 1.722 15.525 5.579 20.122 -0.349 1.047 0.000
-4.226 9.063 0.362 15.616 3.804 20.531 -0.436 1.047 0.000
-5.000 8.660 -1.000 15.588 2.000 20.785 -0.524 1.047 0.000
-5.736 8.192 -2.355 15.442 0.181 20.880 -0.611 1.047 0.000
-5.736 8.192 -1.736 15.120 1.264 20.316 -0.611 1.134 0.000
-5.736 8.192 -1.147 14.745 2.294 19.660 -0.611 1.222 0.000
-5.736 8.192 -0.593 14.320 3.263 18.916 -0.611 1.309 0.000
-5.736 8.192 -0.079 13.848 4.164 18.091 -0.611 1.396 0.000
-5.736 8.192 0.393 13.334 4.989 17.191 -0.611 1.484 0.000
-5.736 8.192 0.393 13.334 4.635 17.576 -0.611 1.484 -0.087
-5.736 8.192 0.393 13.334 4.249 17.930 -0.611 1.484 -0.175
-5.736 8.192 0.393 13.334 3.834 18.249 -0.611 1.484 -0.262
-5.736 8.192 0.393 13.334 3.393 18.530 -0.611 1.484 -0.349
-5.736 8.192 0.393 13.334 2.928 18.772 -0.611 1.484 -0.436
-5.736 8.192 0.393 13.334 2.445 18.972 -0.611 1.484 -0.524
-5.736 8.192 0.393 13.334 1.946 19.129 -0.611 1.484 -0.611
-5.736 8.192 0.393 13.334 1.434 19.243 -0.611 1.484 -0.698
-5.736 8.192 0.393 13.334 0.916 19.311 -0.611 1.484 -0.785
-5.736 8.192 -0.079 13.848 -0.079 19.848 -0.611 1.396 -0.785
-5.736 8.192 -0.593 14.320 -1.116 20.297 -0.611 1.309 -0.785
-5.736 8.192 -1.147 14.745 -2.189 20.654 -0.611 1.222 -0.785
-5.736 8.192 -0.593 14.320 -1.116 20.297 -0.611 1.309 -0.785
-5.736 8.192 -0.079 13.848 -0.079 19.848 -0.611 1.396 -0.785
-5.736 8.192 0.393 13.334 0.916 19.311 -0.611 1.484 -0.785
-5.736 8.192 0.817 12.780 1.859 18.689 -0.611 1.571 -0.785
-5.736 8.192 1.192 12.192 2.745 17.987 -0.611 1.658 -0.785
-5.736 8.192 1.192 12.192 3.245 17.830 -0.611 1.658 -0.698
-5.736 8.192 1.192 12.192 2.745 17.987 -0.611 1.658 -0.785
-5.736 8.192 1.192 12.192 2.234 18.100 -0.611 1.658 -0.873
-5.736 8.192 1.192 12.192 1.715 18.169 -0.611 1.658 -0.960
-5.736 8.192 1.192 12.192 1.192 18.192 -0.611 1.658 -1.047
-5.736 8.192 1.192 12.192 0.670 18.169 -0.611 1.658 -1.134
-5.736 8.192 1.192 12.192 0.151 18.100 -0.611 1.658 -1.222
-5.736 8.192 1.192 12.192 -0.360 17.987 -0.611 1.658 -1.309
-5.736 8.192 1.192 12.192 -0.860 17.830 -0.611 1.658 -1.396
-5.736 8.192 1.192 12.192 -1.343 17.629 -0.611 1.658 -1.484
-5.736 8.192 1.192 12.192 -1.808 17.388 -0.611 1.658 -1.571
-5.736 8.192 1.515 11.572 -1.021 17.010 -0.611 1.745 -1.571
-5.736 8.192 1.782 10.928 -0.270 16.566 -0.611 1.833 -1.571
-5.736 8.192 1.992 10.262 0.439 16.058 -0.611 1.920 -1.571
-5.736 8.192 2.143 9.581 1.101 15.490 -0.611 2.007 -1.571
-5.736 8.192 2.234 8.889 1.711 14.866 -0.611 2.094 -1.571
-5.736 8.192 2.143 9.581 1.101 15.490 -0.611 2.007 -1.571
-5.736 8.192 1.992 10.262 0.439 16.058 -0.611 1.920 -1.571
-5.736 8.192 1.782 10.928 -0.270 16.566 -0.611 1.833 -1.571
-5.736 8.192 1.515 11.572 -1.021 17.010 -0.611 1.745 -1.571
-5.736 8.192 1.192 12.192 -1.808 17.388 -0.611 1.658 -1.571
-5.736 8.192 0.817 12.780 -2.624 17.695 -0.611 1.571 -1.571
-5.736 8.192 0.817 12.780 -2.183 17.976 -0.611 1.571 -1.484
-5.736 8.192 0.817 12.780 -1.718 18.218 -0.611 1.571 -1.396
-5.736 8.192 0.817 12.780 -1.235 18.418 -0.611 1.571 -1.309
-5.736 8.192 0.817 12.780 -0.735 18.576 -0.611 1.571 -1.222
-5.736 8.192 0.817 12.780 -0.224 18.689 -0.611 1.571 -1.134
-5.000 8.660 1.928 12.660 1.405 18.637 -0.524 1.571 -1.134
-5.000 8.660 1.928 12.660 0.886 18.569 -0.524 1.571 -1.222
-5.000 8.660 1.928 12.660 0.375 18.456 -0.524 1.571 -1.309
-5.000 8.660 1.928 12.660 -0.124 18.298 -0.524 1.571 -1.396
-5.000 8.660 1.928 12.660 -0.608 18.098 -0.524 1.571 -1.484
-5.000 8.660 1.928 12.660 -1.072 17.856 -0.524 1.571 -1.571