#a1_X a1_Y a2_X a2_Y a3_X a3_Y j_1 j_2 j_3
0.000 10.000 -0.697 17.970 -1.220 23.947 0.000 -0.087 0.000
0.000 10.000 -1.389 17.878 -2.431 23.787 0.000 -0.175 0.000
0.000 10.000 -2.071 17.727 -3.623 23.523 0.000 -0.262 0.000
0.000 10.000 -2.736 17.518 -4.788 23.156 0.000 -0.349 0.000
0.872 9.962 -1.199 17.689 -2.752 23.485 0.087 -0.349 0.000
1.736 9.848 0.347 17.727 -0.695 23.635 0.175 -0.349 0.000
1.736 9.848 -0.334 17.575 -1.887 23.371 0.175 -0.436 0.000
1.736 9.848 -1.000 17.366 -3.052 23.004 0.175 -0.524 0.000
1.736 9.848 -1.644 17.099 -4.180 22.536 0.175 -0.611 0.000
1.736 9.848 -2.264 16.776 -5.264 21.972 0.175 -0.698 0.000
1.736 9.848 -2.852 16.401 -6.294 21.316 0.175 -0.785 0.000
1.736 9.848 -3.406 15.976 -7.263 20.573 0.175 -0.873 0.000
1.736 9.848 -3.920 15.505 -8.163 19.748 0.175 -0.960 0.000
1.736 9.848 -4.392 14.990 -8.988 18.847 0.175 -1.047 0.000
1.736 9.848 -4.817 14.437 -9.732 17.878 0.175 -1.134 0.000
1.736 9.848 -5.192 13.848 -10.388 16.848 0.175 -1.222 0.000
1.736 9.848 -5.514 13.229 -10.952 15.765 0.175 -1.309 0.000
1.736 9.848 -5.781 12.584 -11.419 14.636 0.175 -1.396 0.000
1.736 9.848 -5.991 11.919 -11.786 13.472 0.175 -1.484 0.000
1.736 9.848 -6.142 11.237 -12.051 12.279 0.175 -1.571 0.000
1.736 9.848 -6.233 10.545 -12.210 11.068 0.175 -1.658 0.000
1.736 9.848 -6.264 9.848 -12.264 9.848 0.175 -1.745 0.000
1.736 9.848 -6.233 9.151 -12.210 8.628 0.175 -1.833 0.000
1.736 9.848 -6.142 8.459 -12.051 7.417 0.175 -1.920 0.000
1.736 9.848 -5.991 7.778 -11.786 6.225 0.175 -2.007 0.000
1.736 9.848 -5.781 7.112 -11.419 5.060 0.175 -2.094 0.000
1.736 9.848 -5.991 7.778 -11.786 6.225 0.175 -2.007 0.000
1.736 9.848 -6.142 8.459 -12.051 7.417 0.175 -1.920 0.000
1.736 9.848 -6.233 9.151 -12.210 8.628 0.175 -1.833 0.000
1.736 9.848 -6.264 9.848 -12.264 9.848 0.175 -1.745 0.000
1.736 9.848 -6.233 10.545 -12.210 11.068 0.175 -1.658 0.000
1.736 9.848 -6.233 10.545 -12.142 11.587 0.175 -1.658 0.087
1.736 9.848 -6.233 10.545 -12.029 12.098 0.175 -1.658 0.175
1.736 9.848 -6.233 10.545 -11.871 12.597 0.175 -1.658 0.262
1.736 9.848 -6.233 10.545 -11.671 13.081 0.175 -1.658 0.349
1.736 9.848 -6.233 10.545 -11.429 13.545 0.175 -1.658 0.436
1.736 9.848 -6.233 10.545 -11.148 13.987 0.175 -1.658 0.524
1.736 9.848 -6.233 10.545 -10.829 14.402 0.175 -1.658 0.611
1.736 9.848 -6.233 10.545 -10.476 14.788 0.175 -1.658 0.698
1.736 9.848 -6.233 10.545 -10.090 15.142 0.175 -1.658 0.785
1.736 9.848 -6.233 10.545 -9.675 15.460 0.175 -1.658 0.873
1.736 9.848 -6.233 10.545 -9.233 15.741 0.175 -1.658 0.960
1.736 9.848 -6.233 10.545 -8.769 15.983 0.175 -1.658 1.047
1.736 9.848 -6.233 10.545 -8.285 16.183 0.175 -1.658 1.134
1.736 9.848 -6.233 10.545 -7.786 16.341 0.175 -1.658 1.222
1.736 9.848 -6.233 10.545 -7.275 16.454 0.175 -1.658 1.309
1.736 9.848 -6.233 10.545 -6.756 16.522 0.175 -1.658 1.396
1.736 9.848 -6.233 10.545 -6.233 16.545 0.175 -1.658 1.484
1.736 9.848 -6.233 10.545 -5.710 16.522 0.175 -1.658 1.571
1.736 9.848 -6.233 10.545 -6.233 16.545 0.175 -1.658 1.484
1.736 9.848 -6.233 10.545 -6.756 16.522 0.175 -1.658 1.396
1.736 9.848 -6.233 10.545 -7.275 16.454 0.175 -1.658 1.309
1.736 9.848 -6.233 10.545 -7.786 16.341 0.175 -1.658 1.222
1.736 9.848 -6.233 10.545 -8.285 16.183 0.175 -1.658 1.134
1.736 9.848 -6.233 10.545 -8.769 15.983 0.175 -1.658 1.047
1.736 9.848 -6.233 10.545 -9.233 15.741 0.175 -1.658 0.960
1.736 9.848 -6.233 10.545 -9.675 15.460 0.175 -1.658 0.873
1.736 9.848 -6.233 10.545 -10.090 15.142 0.175 -1.658 0.785
0.872 9.962 -7.128 9.962 -11.371 14.205 0.087 -1.658 0.785
-0.000 10.000 -7.970 9.303 -12.566 13.159 -0.000 -1.658 0.785
-0.872 9.962 -8.750 8.573 -13.665 12.014 -0.087 -1.658 0.785
-0.872 9.962 -8.599 7.891 -13.795 10.891 -0.087 -1.745 0.785
-0.872 9.962 -8.389 7.226 -13.827 9.761 -0.087 -1.833 0.785
-0.872 9.962 -8.122 6.581 -13.760 8.633 -0.087 -1.920 0.785
-0.872 9.962 -8.122 6.581 -13.918 8.134 -0.087 -1.920 0.698
-0.872 9.962 -8.122 6.581 -14.031 7.623 -0.087 -1.920 0.611
-0.872 9.962 -8.122 6.581 -14.099 7.104 -0.087 -1.920 0.524
-0.872 9.962 -8.122 6.581 -14.122 6.581 -0.087 -1.920 0.436
-0.872 9.962 -8.122 6.581 -14.099 6.058 -0.087 -1.920 0.349
-0.872 9.962 -8.122 6.581 -14.122 6.581 -0.087 -1.920 0.436
-0.872 9.962 -8.122 6.581 -14.099 7.104 -0.087 -1.920 0.524
-0.872 9.962 -8.122 6.581 -14.031 7.623 -0.087 -1.920 0.611
-0.000 10.000 -7.518 7.264 -13.313 8.817 -0.000 -1.920 0.611
0.872 9.962 -6.856 7.891 -12.494 9.944 0.087 -1.920 0.611
1.736 9.848 -6.142 8.459 -11.580 10.995 0.175 -1.920 0.611
2.588 9.659 -5.381 8.962 -10.578 11.962 0.262 -1.920 0.611
3.420 9.397 -4.580 9.397 -9.495 12.838 0.349 -1.920 0.611
3.420 9.397 -4.580 9.397 -9.776 12.397 0.349 -1.920 0.524
3.420 9.397 -4.580 9.397 -10.018 11.933 0.349 -1.920 0.436
3.420 9.397 -4.580 9.397 -10.218 11.449 0.349 -1.920 0.349
3.420 9.397 -4.580 9.397 -10.375 10.950 0.349 -1.920 0.262
3.420 9.397 -4.580 9.397 -10.489 10.439 0.349 -1.920 0.175
3.420 9.397 -4.580 9.397 -10.557 9.920 0.349 -1.920 0.087
3.420 9.397 -4.580 9.397 -10.580 9.397 0.349 -1.920 -0.000
3.420 9.397 -4.580 9.397 -10.557 8.874 0.349 -1.920 -0.087
3.420 9.397 -4.580 9.397 -10.489 8.355 0.349 -1.920 -0.175
3.420 9.397 -4.580 9.397 -10.375 7.844 0.349 -1.920 -0.262
3.420 9.397 -4.580 9.397 -10.218 7.345 0.349 -1.920 -0.349
3.420 9.397 -4.580 9.397 -10.018 6.861 0.349 -1.920 -0.436
3.420 9.397 -4.580 9.397 -10.218 7.345 0.349 -1.920 -0.349
3.420 9.397 -4.580 9.397 -10.375 7.844 0.349 -1.920 -0.262
3.420 9.397 -4.580 9.397 -10.489 8.355 0.349 -1.920 -0.175
3.420 9.397 -4.580 9.397 -10.557 8.874 0.349 -1.920 -0.087
3.420 9.397 -4.580 9.397 -10.489 8.355 0.349 -1.920 -0.175
3.420 9.397 -4.580 9.397 -10.375 7.844 0.349 -1.920 -0.262
3.420 9.397 -4.580 9.397 -10.218 7.345 0.349 -1.920 -0.349
3.420 9.397 -4.580 9.397 -10.018 6.861 0.349 -1.920 -0.436
3.420 9.397 -4.580 9.397 -10.218 7.345 0.349 -1.920 -0.349
3.420 9.397 -4.580 9.397 -10.375 7.844 0.349 -1.920 -0.262
3.420 9.397 -4.580 9.397 -10.489 8.355 0.349 -1.920 -0.175
3.420 9.397 -4.580 9.397 -10.557 8.874 0.349 -1.920 -0.087
3.420 9.397 -4.580 9.397 -10.580 9.397 0.349 -1.920 -0.000
3.420 9.397 -4.580 9.397 -10.557 9.920 0.349 -1.920 0.087
3.420 9.397 -4.580 9.397 -10.580 9.397 0.349 -1.920 -0.000
3.420 9.397 -4.580 9.397 -10.557 8.874 0.349 -1.920 -0.087
3.420 9.397 -4.580 9.397 -10.489 8.355 0.349 -1.920 -0.175
3.420 9.397 -4.580 9.397 -10.375 7.844 0.349 -1.920 -0.262
3.420 9.397 -4.580 9.397 -10.218 7.345 0.349 -1.920 -0.349
3.420 9.397 -4.580 9.397 -10.018 6.861 0.349 -1.920 -0.436
3.420 9.397 -4.580 9.397 -9.776 6.397 0.349 -1.920 -0.524
3.420 9.397 -4.580 9.397 -9.495 5.955 0.349 -1.920 -0.611
3.420 9.397 -4.580 9.397 -9.176 5.540 0.349 -1.920 -0.698
3.420 9.397 -4.549 10.094 -9.464 6.653 0.349 -1.833 -0.698
3.420 9.397 -4.458 10.786 -9.654 7.786 0.349 -1.745 -0.698
3.420 9.397 -4.307 11.467 -9.745 8.932 0.349 -1.658 -0.698
3.420 9.397 -4.097 12.133 -9.735 10.081 0.349 -1.571 -0.698
3.420 9.397 -4.097 12.133 -9.893 10.580 0.349 -1.571 -0.611
3.420 9.397 -4.097 12.133 -10.006 11.091 0.349 -1.571 -0.524
3.420 9.397 -4.097 12.133 -10.075 11.610 0.349 -1.571 -0.436
3.420 9.397 -4.097 12.133 -10.097 12.133 0.349 -1.571 -0.349
3.420 9.397 -4.097 12.133 -10.075 12.656 0.349 -1.571 -0.262