#a1_X a1_Y a2_X a2_Y a3_X a3_Y j_1 j_2 j_3
-0.872 9.962 -1.569 17.932 -2.092 23.909 -0.087 0.000 0.000
-1.736 9.848 -3.126 17.727 -4.168 23.635 -0.175 0.000 0.000
-2.588 9.659 -4.659 17.387 -6.212 23.182 -0.262 0.000 0.000
-2.588 9.659 -4.659 17.387 -6.711 23.025 -0.262 0.000 -0.087
-2.588 9.659 -4.659 17.387 -7.194 22.825 -0.262 0.000 -0.175
-2.588 9.659 -4.659 17.387 -7.659 22.583 -0.262 0.000 -0.262
-2.588 9.659 -4.659 17.387 -8.100 22.302 -0.262 0.000 -0.349
-2.588 9.659 -4.659 17.387 -8.515 21.983 -0.262 0.000 -0.436
-2.588 9.659 -4.659 17.387 -8.901 21.629 -0.262 0.000 -0.524
-2.588 9.659 -4.659 17.387 -9.255 21.243 -0.262 0.000 -0.611
-2.588 9.659 -4.659 17.387 -9.574 20.828 -0.262 0.000 -0.698
-2.588 9.659 -4.659 17.387 -9.855 20.387 -0.262 0.000 -0.785
-2.588 9.659 -4.659 17.387 -10.097 19.922 -0.262 0.000 -0.873
-2.588 9.659 -4.659 17.387 -10.297 19.439 -0.262 0.000 -0.960
-2.588 9.659 -4.659 17.387 -10.454 18.940 -0.262 0.000 -1.047
-2.588 9.659 -4.659 17.387 -10.568 18.429 -0.262 0.000 -1.134
-2.588 9.659 -4.659 17.387 -10.636 17.910 -0.262 0.000 -1.222
-2.588 9.659 -4.659 17.387 -10.659 17.387 -0.262 0.000 -1.309
-2.588 9.659 -4.659 17.387 -10.636 16.864 -0.262 0.000 -1.396
-2.588 9.659 -4.659 17.387 -10.568 16.345 -0.262 0.000 -1.484
-2.588 9.659 -4.659 17.387 -10.454 15.834 -0.262 0.000 -1.571
-2.588 9.659 -3.977 17.538 -9.886 16.496 -0.262 0.087 -1.571
-2.588 9.659 -3.285 17.629 -9.263 17.106 -0.262 0.175 -1.571
-2.588 9.659 -2.588 17.659 -8.588 17.659 -0.262 0.262 -1.571
-2.588 9.659 -2.588 17.659 -8.565 18.182 -0.262 0.262 -1.484
-2.588 9.659 -2.588 17.659 -8.497 18.701 -0.262 0.262 -1.396
-2.588 9.659 -2.588 17.659 -8.384 19.212 -0.262 0.262 -1.309
-2.588 9.659 -2.588 17.659 -8.226 19.711 -0.262 0.262 -1.222
-2.588 9.659 -2.588 17.659 -8.026 20.195 -0.262 0.262 -1.134
-2.588 9.659 -2.588 17.659 -7.784 20.659 -0.262 0.262 -1.047
-2.588 9.659 -2.588 17.659 -7.503 21.101 -0.262 0.262 -0.960
-3.420 9.397 -4.117 17.366 -9.314 20.366 -0.349 0.262 -0.960
-4.226 9.063 -5.615 16.942 -11.053 19.477 -0.436 0.262 -0.960
-5.000 8.660 -7.071 16.388 -12.709 18.440 -0.524 0.262 -0.960
-5.736 8.192 -8.472 15.709 -14.267 17.262 -0.611 0.262 -0.960
-6.428 7.660 -9.809 14.911 -15.718 15.953 -0.698 0.262 -0.960
-7.071 7.071 -11.071 13.999 -17.048 14.522 -0.785 0.262 -0.960
-7.660 6.428 -12.249 12.981 -18.249 12.981 -0.873 0.262 -0.960
-7.660 6.428 -11.660 13.356 -17.638 13.879 -0.873 0.349 -0.960
-7.660 6.428 -11.041 13.678 -16.950 14.720 -0.873 0.436 -0.960
-7.660 6.428 -10.397 13.945 -16.192 15.498 -0.873 0.524 -0.960
-7.660 6.428 -9.731 14.155 -15.369 16.207 -0.873 0.611 -0.960
-7.660 6.428 -9.050 14.306 -14.487 16.842 -0.873 0.698 -0.960
-7.660 6.428 -8.358 14.397 -13.554 17.397 -0.873 0.785 -0.960
-7.660 6.428 -7.660 14.428 -12.575 17.869 -0.873 0.873 -0.960
-7.660 6.428 -7.660 14.428 -12.257 18.285 -0.873 0.873 -0.873
-7.660 6.428 -7.660 14.428 -11.903 18.671 -0.873 0.873 -0.785
-7.660 6.428 -7.660 14.428 -11.517 19.024 -0.873 0.873 -0.698
-7.660 6.428 -7.660 14.428 -11.102 19.343 -0.873 0.873 -0.611
-7.071 7.071 -6.374 15.041 -9.374 20.237 -0.785 0.873 -0.611
-6.428 7.660 -5.039 15.539 -7.574 20.977 -0.698 0.873 -0.611
-5.736 8.192 -3.665 15.919 -5.717 21.557 -0.611 0.873 -0.611
-5.000 8.660 -2.264 16.178 -3.817 21.973 -0.524 0.873 -0.611