#a1_X a1_Y a2_X a2_Y a3_X a3_Y j_1 j_2 j_3
0.000 10.000 0.000 18.000 0.523 23.977 0.000 0.000 0.087
0.000 10.000 0.000 18.000 1.042 23.909 0.000 0.000 0.175
0.000 10.000 0.000 18.000 1.553 23.796 0.000 0.000 0.262
0.000 10.000 0.000 18.000 2.052 23.638 0.000 0.000 0.349
0.000 10.000 0.000 18.000 2.536 23.438 0.000 0.000 0.436
0.000 10.000 0.000 18.000 3.000 23.196 0.000 0.000 0.524
0.000 10.000 0.000 18.000 3.441 22.915 0.000 0.000 0.611
0.000 10.000 0.000 18.000 3.857 22.596 0.000 0.000 0.698
0.000 10.000 0.000 18.000 4.243 22.243 0.000 0.000 0.785
0.000 10.000 0.000 18.000 4.596 21.857 0.000 0.000 0.873
0.000 10.000 0.000 18.000 4.915 21.441 0.000 0.000 0.960
0.000 10.000 0.000 18.000 5.196 21.000 0.000 0.000 1.047
0.000 10.000 0.697 17.970 6.135 20.505 0.000 0.087 1.047
0.000 10.000 1.389 17.878 7.027 19.931 0.000 0.175 1.047
0.000 10.000 2.071 17.727 7.866 19.280 0.000 0.262 1.047
0.000 10.000 2.736 17.518 8.645 18.559 0.000 0.349 1.047
0.000 10.000 2.071 17.727 7.866 19.280 0.000 0.262 1.047
0.000 10.000 1.389 17.878 7.027 19.931 0.000 0.175 1.047
0.000 10.000 0.697 17.970 6.135 20.505 0.000 0.087 1.047
0.000 10.000 1.389 17.878 7.027 19.931 0.000 0.175 1.047
0.000 10.000 2.071 17.727 7.866 19.280 0.000 0.262 1.047
0.000 10.000 2.736 17.518 8.645 18.559 0.000 0.349 1.047
0.000 10.000 3.381 17.250 9.358 17.773 0.000 0.436 1.047
0.000 10.000 3.381 17.250 9.290 18.292 0.000 0.436 0.960
0.000 10.000 3.381 17.250 9.177 18.803 0.000 0.436 0.873
0.000 10.000 3.381 17.250 9.019 19.303 0.000 0.436 0.785
0.000 10.000 3.381 17.250 8.819 19.786 0.000 0.436 0.698
0.000 10.000 3.381 17.250 9.019 19.303 0.000 0.436 0.785
0.000 10.000 3.381 17.250 9.177 18.803 0.000 0.436 0.873
0.000 10.000 3.381 17.250 9.290 18.292 0.000 0.436 0.960
0.000 10.000 3.381 17.250 9.358 17.773 0.000 0.436 1.047
0.000 10.000 3.381 17.250 9.290 18.292 0.000 0.436 0.960
0.000 10.000 3.381 17.250 9.177 18.803 0.000 0.436 0.873
0.000 10.000 3.381 17.250 9.019 19.303 0.000 0.436 0.785
0.000 10.000 3.381 17.250 8.819 19.786 0.000 0.436 0.698
0.000 10.000 3.381 17.250 8.577 20.250 0.000 0.436 0.611
0.000 10.000 3.381 17.250 8.296 20.692 0.000 0.436 0.524
0.000 10.000 3.381 17.250 7.977 21.107 0.000 0.436 0.436
0.000 10.000 3.381 17.250 7.624 21.493 0.000 0.436 0.349
0.000 10.000 3.381 17.250 7.238 21.847 0.000 0.436 0.262
0.000 10.000 2.736 17.518 6.178 22.432 0.000 0.349 0.262
0.000 10.000 2.071 17.727 5.071 22.924 0.000 0.262 0.262
0.000 10.000 1.389 17.878 3.925 23.316 0.000 0.175 0.262
0.000 10.000 0.697 17.970 2.749 23.608 0.000 0.087 0.262
0.000 10.000 -0.000 18.000 1.553 23.796 0.000 -0.000 0.262
0.000 10.000 -0.697 17.970 0.345 23.878 0.000 -0.087 0.262
0.000 10.000 -0.697 17.970 -0.174 23.947 0.000 -0.087 0.175
0.000 10.000 -0.697 17.970 -0.697 23.970 0.000 -0.087 0.087
0.000 10.000 -0.697 17.970 -1.220 23.947 0.000 -0.087 -0.000
0.000 10.000 -0.697 17.970 -1.739 23.878 0.000 -0.087 -0.087
0.000 10.000 -0.697 17.970 -2.250 23.765 0.000 -0.087 -0.175
0.000 10.000 -1.389 17.878 -3.441 23.517 0.000 -0.175 -0.175
0.000 10.000 -2.071 17.727 -4.606 23.165 0.000 -0.262 -0.175
0.000 10.000 -2.736 17.518 -5.736 22.714 0.000 -0.349 -0.175
0.000 10.000 -3.381 17.250 -6.822 22.165 0.000 -0.436 -0.175
0.000 10.000 -4.000 16.928 -7.857 21.524 0.000 -0.524 -0.175
0.000 10.000 -4.589 16.553 -8.831 20.796 0.000 -0.611 -0.175
0.000 10.000 -5.142 16.128 -9.739 19.985 0.000 -0.698 -0.175
0.000 10.000 -5.657 15.657 -10.572 19.098 0.000 -0.785 -0.175
0.000 10.000 -6.128 15.142 -11.325 18.142 0.000 -0.873 -0.175
0.000 10.000 -6.553 14.589 -11.991 17.124 0.000 -0.960 -0.175
0.000 10.000 -6.928 14.000 -12.566 16.052 0.000 -1.047 -0.175
0.000 10.000 -7.250 13.381 -13.046 14.934 0.000 -1.134 -0.175
0.872 9.962 -6.057 13.962 -11.695 16.014 0.087 -1.134 -0.175
1.736 9.848 -4.817 14.437 -10.255 16.972 0.175 -1.134 -0.175
2.588 9.659 -3.540 14.802 -8.736 17.802 0.262 -1.134 -0.175
3.420 9.397 -2.237 15.054 -7.152 18.495 0.349 -1.134 -0.175
4.226 9.063 -0.916 15.191 -5.512 19.048 0.436 -1.134 -0.175
4.226 9.063 -0.916 15.191 -5.831 18.633 0.436 -1.134 -0.262
4.226 9.063 -0.916 15.191 -6.112 18.191 0.436 -1.134 -0.349
4.226 9.063 -0.916 15.191 -6.354 17.727 0.436 -1.134 -0.436
4.226 9.063 -0.916 15.191 -6.554 17.244 0.436 -1.134 -0.524
4.226 9.063 -0.916 15.191 -6.712 16.744 0.436 -1.134 -0.611
4.226 9.063 -0.916 15.191 -6.825 16.233 0.436 -1.134 -0.698
4.226 9.063 -0.916 15.191 -6.893 15.714 0.436 -1.134 -0.785
4.226 9.063 -0.916 15.191 -6.916 15.191 0.436 -1.134 -0.873
4.226 9.063 -0.916 15.191 -6.893 14.668 0.436 -1.134 -0.960