#a1_X a1_Y a2_X a2_Y a3_X a3_Y j_1 j_2 j_3
0.000 10.000 0.000 18.000 -0.523 23.977 0.000 0.000 -0.087
0.000 10.000 0.000 18.000 -1.042 23.909 0.000 0.000 -0.175
0.000 10.000 0.000 18.000 -1.553 23.796 0.000 0.000 -0.262
0.000 10.000 0.000 18.000 -2.052 23.638 0.000 0.000 -0.349
0.000 10.000 0.000 18.000 -2.536 23.438 0.000 0.000 -0.436
0.000 10.000 0.000 18.000 -3.000 23.196 0.000 0.000 -0.524
-0.872 9.962 -1.569 17.932 -5.010 22.846 -0.087 0.000 -0.524
-1.736 9.848 -3.126 17.727 -6.982 22.323 -0.175 0.000 -0.524
-2.588 9.659 -4.659 17.387 -8.901 21.629 -0.262 0.000 -0.524
-2.588 9.659 -5.324 17.177 -9.921 21.034 -0.262 -0.087 -0.524
-2.588 9.659 -5.969 16.910 -10.884 20.351 -0.262 -0.175 -0.524
-2.588 9.659 -6.588 16.587 -11.784 19.587 -0.262 -0.262 -0.524
-2.588 9.659 -7.177 16.212 -12.615 18.748 -0.262 -0.349 -0.524
-2.588 9.659 -7.730 15.788 -13.369 17.840 -0.262 -0.436 -0.524
-2.588 9.659 -8.245 15.316 -14.041 16.869 -0.262 -0.524 -0.524
-2.588 9.659 -8.717 14.802 -14.625 15.843 -0.262 -0.611 -0.524
-2.588 9.659 -9.141 14.248 -15.119 14.771 -0.262 -0.698 -0.524
-2.588 9.659 -9.516 13.659 -15.516 13.659 -0.262 -0.785 -0.524
-2.588 9.659 -9.839 13.040 -15.816 12.517 -0.262 -0.873 -0.524
-2.588 9.659 -10.106 12.395 -16.015 11.354 -0.262 -0.960 -0.524
-2.588 9.659 -10.316 11.730 -16.111 10.177 -0.262 -1.047 -0.524
-2.588 9.659 -10.316 11.730 -15.954 9.678 -0.262 -1.047 -0.611
-2.588 9.659 -10.316 11.730 -15.753 9.194 -0.262 -1.047 -0.698
-2.588 9.659 -10.316 11.730 -15.512 8.730 -0.262 -1.047 -0.785
-2.588 9.659 -10.316 11.730 -15.231 8.288 -0.262 -1.047 -0.873
-1.736 9.848 -9.254 12.584 -14.450 9.584 -0.175 -1.047 -0.873
-0.872 9.962 -8.122 13.343 -13.560 10.807 -0.087 -1.047 -0.873
0.000 10.000 -6.928 14.000 -12.566 11.948 0.000 -1.047 -0.873
0.872 9.962 -5.682 14.551 -11.477 12.998 0.087 -1.047 -0.873
0.872 9.962 -5.682 14.551 -11.591 13.509 0.087 -1.047 -0.785
0.872 9.962 -5.682 14.551 -11.659 14.028 0.087 -1.047 -0.698
0.872 9.962 -5.682 14.551 -11.682 14.551 0.087 -1.047 -0.611
0.872 9.962 -5.682 14.551 -11.659 15.073 0.087 -1.047 -0.524
1.736 9.848 -4.392 14.990 -10.301 16.032 0.175 -1.047 -0.524
2.588 9.659 -3.069 15.316 -8.864 16.869 0.262 -1.047 -0.524
3.420 9.397 -1.722 15.525 -7.360 17.577 0.349 -1.047 -0.524
3.420 9.397 -2.237 15.054 -8.032 16.607 0.349 -1.134 -0.524
3.420 9.397 -2.708 14.539 -8.617 15.581 0.349 -1.222 -0.524
3.420 9.397 -3.133 13.986 -9.110 14.508 0.349 -1.309 -0.524
3.420 9.397 -3.508 13.397 -9.508 13.397 0.349 -1.396 -0.524
3.420 9.397 -3.508 13.397 -9.485 13.920 0.349 -1.396 -0.436
3.420 9.397 -3.508 13.397 -9.417 14.439 0.349 -1.396 -0.349
3.420 9.397 -3.508 13.397 -9.304 14.950 0.349 -1.396 -0.262
3.420 9.397 -3.508 13.397 -9.146 15.449 0.349 -1.396 -0.175
3.420 9.397 -3.508 13.397 -8.946 15.933 0.349 -1.396 -0.087
3.420 9.397 -3.508 13.397 -8.704 16.397 0.349 -1.396 0.000
2.588 9.659 -4.662 13.040 -10.100 15.576 0.262 -1.396 0.000
1.736 9.848 -5.781 12.584 -11.419 14.636 0.175 -1.396 0.000
0.872 9.962 -6.856 12.032 -12.651 13.585 0.087 -1.396 0.000
0.000 10.000 -7.878 11.389 -13.787 12.431 0.000 -1.396 0.000
0.872 9.962 -6.856 12.032 -12.651 13.585 0.087 -1.396 0.000
1.736 9.848 -5.781 12.584 -11.419 14.636 0.175 -1.396 0.000
2.588 9.659 -4.662 13.040 -10.100 15.576 0.262 -1.396 0.000
3.420 9.397 -3.508 13.397 -8.704 16.397 0.349 -1.396 0.000
4.226 9.063 -2.327 13.652 -7.242 17.093 0.436 -1.396 0.000
5.000 8.660 -1.128 13.803 -5.725 17.659 0.524 -1.396 0.000
5.736 8.192 0.079 13.848 -4.164 18.091 0.611 -1.396 0.000
5.736 8.192 -0.393 13.334 -4.989 17.191 0.611 -1.484 0.000
5.736 8.192 -0.817 12.780 -5.732 16.222 0.611 -1.571 0.000
5.736 8.192 -1.192 12.192 -6.389 15.192 0.611 -1.658 0.000
5.736 8.192 -1.515 11.572 -6.953 14.108 0.611 -1.745 0.000
5.736 8.192 -1.515 11.572 -7.153 13.625 0.611 -1.745 -0.087
5.736 8.192 -1.515 11.572 -7.310 13.125 0.611 -1.745 -0.175
5.736 8.192 -1.515 11.572 -7.424 12.614 0.611 -1.745 -0.262
5.736 8.192 -1.515 11.572 -7.492 12.095 0.611 -1.745 -0.349
5.736 8.192 -1.515 11.572 -7.515 11.572 0.611 -1.745 -0.436
5.736 8.192 -1.515 11.572 -7.492 11.050 0.611 -1.745 -0.524
5.736 8.192 -1.515 11.572 -7.424 10.531 0.611 -1.745 -0.611
5.736 8.192 -1.515 11.572 -7.310 10.020 0.611 -1.745 -0.698
5.736 8.192 -1.515 11.572 -7.153 9.520 0.611 -1.745 -0.785
5.736 8.192 -1.515 11.572 -7.310 10.020 0.611 -1.745 -0.698
5.736 8.192 -1.515 11.572 -7.424 10.531 0.611 -1.745 -0.611
5.736 8.192 -1.515 11.572 -7.492 11.050 0.611 -1.745 -0.524
5.736 8.192 -1.515 11.572 -7.515 11.572 0.611 -1.745 -0.436
5.736 8.192 -1.515 11.572 -7.492 12.095 0.611 -1.745 -0.349
5.736 8.192 -1.515 11.572 -7.424 12.614 0.611 -1.745 -0.262
5.736 8.192 -1.515 11.572 -7.310 13.125 0.611 -1.745 -0.175
5.736 8.192 -1.192 12.192 -6.831 14.244 0.611 -1.658 -0.175
5.736 8.192 -0.817 12.780 -6.255 15.316 0.611 -1.571 -0.175
5.736 8.192 -0.393 13.334 -5.589 16.334 0.611 -1.484 -0.175
5.736 8.192 0.079 13.848 -4.836 17.290 0.611 -1.396 -0.175
5.000 8.660 -1.128 13.803 -6.325 16.803 0.524 -1.396 -0.175
4.226 9.063 -2.327 13.652 -7.765 16.187 0.436 -1.396 -0.175
3.420 9.397 -3.508 13.397 -9.146 15.449 0.349 -1.396 -0.175
2.588 9.659 -4.662 13.040 -10.458 14.593 0.262 -1.396 -0.175
2.588 9.659 -4.340 13.659 -9.978 15.711 0.262 -1.309 -0.175
2.588 9.659 -3.965 14.248 -9.403 16.784 0.262 -1.222 -0.175
2.588 9.659 -3.540 14.802 -8.736 17.802 0.262 -1.134 -0.175
2.588 9.659 -3.069 15.316 -7.984 18.758 0.262 -1.047 -0.175
2.588 9.659 -2.554 15.788 -7.150 19.644 0.262 -0.960 -0.175
3.420 9.397 -1.168 15.950 -5.411 20.193 0.349 -0.960 -0.175
3.420 9.397 -1.168 15.950 -5.765 19.807 0.349 -0.960 -0.262
3.420 9.397 -1.168 15.950 -6.083 19.392 0.349 -0.960 -0.349
3.420 9.397 -1.168 15.950 -6.365 18.950 0.349 -0.960 -0.436
3.420 9.397 -1.168 15.950 -6.606 18.486 0.349 -0.960 -0.524
3.420 9.397 -1.168 15.950 -6.807 18.002 0.349 -0.960 -0.611
3.420 9.397 -1.168 15.950 -6.964 17.503 0.349 -0.960 -0.698
3.420 9.397 -1.168 15.950 -7.077 16.992 0.349 -0.960 -0.785
3.420 9.397 -1.168 15.950 -7.146 16.473 0.349 -0.960 -0.873
3.420 9.397 -1.168 15.950 -7.168 15.950 0.349 -0.960 -0.960
3.420 9.397 -1.168 15.950 -7.146 15.427 0.349 -0.960 -1.047
3.420 9.397 -1.168 15.950 -7.077 14.908 0.349 -0.960 -1.134
3.420 9.397 -1.168 15.950 -6.964 14.397 0.349 -0.960 -1.222
3.420 9.397 -1.168 15.950 -6.807 13.898 0.349 -0.960 -1.309
3.420 9.397 -1.168 15.950 -6.606 13.414 0.349 -0.960 -1.396
3.420 9.397 -1.168 15.950 -6.365 12.950 0.349 -0.960 -1.484
3.420 9.397 -1.168 15.950 -6.083 12.509 0.349 -0.960 -1.571
3.420 9.397 -1.722 15.525 -6.318 11.669 0.349 -1.047 -1.571
3.420 9.397 -2.237 15.054 -6.479 10.811 0.349 -1.134 -1.571
3.420 9.397 -2.708 14.539 -6.565 9.943 0.349 -1.222 -1.571
3.420 9.397 -3.133 13.986 -6.574 9.071 0.349 -1.309 -1.571
3.420 9.397 -3.508 13.397 -6.508 8.201 0.349 -1.396 -1.571
3.420 9.397 -3.830 12.778 -6.366 7.340 0.349 -1.484 -1.571
3.420 9.397 -4.097 12.133 -6.149 6.495 0.349 -1.571 -1.571
3.420 9.397 -4.307 11.467 -5.860 5.672 0.349 -1.658 -1.571
3.420 9.397 -4.458 10.786 -5.500 4.877 0.349 -1.745 -1.571
3.420 9.397 -4.549 10.094 -5.072 4.117 0.349 -1.833 -1.571
3.420 9.397 -4.580 9.397 -4.580 3.397 0.349 -1.920 -1.571
3.420 9.397 -4.549 8.700 -4.026 2.723 0.349 -2.007 -1.571
3.420 9.397 -4.458 8.008 -3.416 2.099 0.349 -2.094 -1.571
2.588 9.659 -5.139 7.589 -3.586 1.793 0.262 -2.094 -1.571
1.736 9.848 -5.781 7.112 -3.729 1.474 0.175 -2.094 -1.571
0.872 9.962 -6.379 6.581 -3.843 1.143 0.087 -2.094 -1.571
0.000 10.000 -6.928 6.000 -3.928 0.804 0.000 -2.094 -1.571
0.000 10.000 -6.928 6.000 -4.392 0.562 0.000 -2.094 -1.484
0.000 10.000 -6.928 6.000 -4.876 0.362 0.000 -2.094 -1.396
0.000 10.000 -6.928 6.000 -5.375 0.204 0.000 -2.094 -1.309
0.000 10.000 -6.928 6.000 -5.886 0.091 0.000 -2.094 -1.222
0.000 10.000 -6.928 6.000 -6.405 0.023 0.000 -2.094 -1.134
0.000 10.000 -6.928 6.000 -6.928 0.000 0.000 -2.094 -1.047
0.000 10.000 -6.928 6.000 -7.451 0.023 0.000 -2.094 -0.960
0.000 10.000 -6.928 6.000 -7.970 0.091 0.000 -2.094 -0.873
0.000 10.000 -6.928 6.000 -8.481 0.204 0.000 -2.094 -0.785
0.000 10.000 -6.928 6.000 -8.980 0.362 0.000 -2.094 -0.698
0.000 10.000 -6.928 6.000 -9.464 0.562 0.000 -2.094 -0.611
0.000 10.000 -6.928 6.000 -9.928 0.804 0.000 -2.094 -0.524
0.000 10.000 -6.928 6.000 -10.370 1.085 0.000 -2.094 -0.436
0.000 10.000 -6.928 6.000 -10.785 1.404 0.000 -2.094 -0.349
0.000 10.000 -6.928 6.000 -11.171 1.757 0.000 -2.094 -0.262
0.000 10.000 -6.928 6.000 -11.524 2.143 0.000 -2.094 -0.175
0.000 10.000 -6.928 6.000 -11.843 2.559 0.000 -2.094 -0.087
0.000 10.000 -6.928 6.000 -12.124 3.000 0.000 -2.094 -0.000
-0.872 9.962 -7.425 5.373 -12.340 1.932 -0.087 -2.094 -0.000
-1.736 9.848 -7.865 4.706 -12.461 0.849 -0.175 -2.094 -0.000
-1.736 9.848 -7.865 4.706 -12.780 1.264 -0.175 -2.094 0.087
-1.736 9.848 -7.865 4.706 -13.061 1.706 -0.175 -2.094 0.175
-1.736 9.848 -7.865 4.706 -13.303 2.170 -0.175 -2.094 0.262
-1.736 9.848 -7.865 4.706 -13.503 2.654 -0.175 -2.094 0.349
-1.736 9.848 -7.865 4.706 -13.660 3.153 -0.175 -2.094 0.436
-1.736 9.848 -7.865 4.706 -13.774 3.664 -0.175 -2.094 0.524