#a1_X a1_Y a2_X a2_Y a3_X a3_Y j_1 j_2 j_3
0.000 10.000 0.000 18.000 -0.523 23.977 0.000 0.000 -0.087
0.000 10.000 0.000 18.000 -1.042 23.909 0.000 0.000 -0.175
0.000 10.000 0.000 18.000 -1.553 23.796 0.000 0.000 -0.262
0.000 10.000 0.000 18.000 -2.052 23.638 0.000 0.000 -0.349
0.000 10.000 0.000 18.000 -2.536 23.438 0.000 0.000 -0.436
0.000 10.000 0.000 18.000 -3.000 23.196 0.000 0.000 -0.524
0.000 10.000 0.000 18.000 -3.441 22.915 0.000 0.000 -0.611
0.000 10.000 0.000 18.000 -3.857 22.596 0.000 0.000 -0.698
0.000 10.000 0.000 18.000 -4.243 22.243 0.000 0.000 -0.785
0.000 10.000 0.000 18.000 -4.596 21.857 0.000 0.000 -0.873
0.000 10.000 0.000 18.000 -4.915 21.441 0.000 0.000 -0.960
0.000 10.000 0.000 18.000 -5.196 21.000 0.000 0.000 -1.047
0.000 10.000 0.000 18.000 -5.438 20.536 0.000 0.000 -1.134
0.000 10.000 0.000 18.000 -5.638 20.052 0.000 0.000 -1.222
0.000 10.000 0.000 18.000 -5.796 19.553 0.000 0.000 -1.309
0.000 10.000 0.000 18.000 -5.909 19.042 0.000 0.000 -1.396
0.000 10.000 0.000 18.000 -5.977 18.523 0.000 0.000 -1.484
0.000 10.000 0.000 18.000 -6.000 18.000 0.000 0.000 -1.571
0.872 9.962 1.569 17.932 -4.408 18.454 0.087 0.000 -1.571
0.872 9.962 2.261 17.840 -3.648 18.882 0.087 0.087 -1.571
0.872 9.962 2.942 17.689 -2.853 19.242 0.087 0.175 -1.571
0.872 9.962 2.261 17.840 -3.648 18.882 0.087 0.087 -1.571
0.872 9.962 1.569 17.932 -4.408 18.454 0.087 -0.000 -1.571
0.872 9.962 0.872 17.962 -5.128 17.962 0.087 -0.087 -1.571
0.872 9.962 0.174 17.932 -5.803 17.409 0.087 -0.175 -1.571
0.000 10.000 -1.389 17.878 -7.298 16.837 0.000 -0.175 -1.571
-0.872 9.962 -2.942 17.689 -8.738 16.136 -0.087 -0.175 -1.571
-1.736 9.848 -4.473 17.366 -10.111 15.313 -0.175 -0.175 -1.571
-2.588 9.659 -5.969 16.910 -11.407 14.374 -0.262 -0.175 -1.571
-3.420 9.397 -7.420 16.325 -12.616 13.325 -0.349 -0.175 -1.571
-4.226 9.063 -8.815 15.616 -13.730 12.175 -0.436 -0.175 -1.571
-5.000 8.660 -10.142 14.789 -14.739 10.932 -0.524 -0.175 -1.571
-5.736 8.192 -11.393 13.848 -15.635 9.606 -0.611 -0.175 -1.571
-5.736 8.192 -11.864 13.334 -15.721 8.738 -0.611 -0.262 -1.571
-5.736 8.192 -12.289 12.780 -15.730 7.865 -0.611 -0.349 -1.571
-5.736 8.192 -12.664 12.192 -15.664 6.995 -0.611 -0.436 -1.571
-5.736 8.192 -12.986 11.572 -15.522 6.135 -0.611 -0.524 -1.571
-5.736 8.192 -13.253 10.928 -15.305 5.290 -0.611 -0.611 -1.571
-5.736 8.192 -13.463 10.262 -15.016 4.467 -0.611 -0.698 -1.571
-5.736 8.192 -13.614 9.581 -14.656 3.672 -0.611 -0.785 -1.571
-5.736 8.192 -13.705 8.889 -14.228 2.912 -0.611 -0.873 -1.571
-5.736 8.192 -13.736 8.192 -13.736 2.192 -0.611 -0.960 -1.571
-5.736 8.192 -13.705 7.494 -13.182 1.517 -0.611 -1.047 -1.571
-5.736 8.192 -13.614 6.802 -12.572 0.893 -0.611 -1.134 -1.571
-5.736 8.192 -13.463 6.121 -11.910 0.325 -0.611 -1.222 -1.571
-5.736 8.192 -13.614 6.802 -12.572 0.893 -0.611 -1.134 -1.571
-5.736 8.192 -13.705 7.494 -13.182 1.517 -0.611 -1.047 -1.571
-5.736 8.192 -13.736 8.192 -13.736 2.192 -0.611 -0.960 -1.571
-5.736 8.192 -13.705 8.889 -14.228 2.912 -0.611 -0.873 -1.571
-5.736 8.192 -13.614 9.581 -14.656 3.672 -0.611 -0.785 -1.571
-5.736 8.192 -13.463 10.262 -15.016 4.467 -0.611 -0.698 -1.571
-5.736 8.192 -13.253 10.928 -15.305 5.290 -0.611 -0.611 -1.571
-5.736 8.192 -12.986 11.572 -15.522 6.135 -0.611 -0.524 -1.571
-5.736 8.192 -12.664 12.192 -15.664 6.995 -0.611 -0.436 -1.571
-5.736 8.192 -12.289 12.780 -15.730 7.865 -0.611 -0.349 -1.571
-5.736 8.192 -11.864 13.334 -15.721 8.738 -0.611 -0.262 -1.571
-5.736 8.192 -11.393 13.848 -15.635 9.606 -0.611 -0.175 -1.571
-5.736 8.192 -10.878 14.320 -15.474 10.463 -0.611 -0.087 -1.571
-5.736 8.192 -10.324 14.745 -15.239 11.303 -0.611 -0.000 -1.571
-5.736 8.192 -9.736 15.120 -14.932 12.120 -0.611 0.087 -1.571
-5.736 8.192 -9.117 15.442 -14.555 12.906 -0.611 0.175 -1.571
-5.736 8.192 -8.472 15.709 -14.110 13.657 -0.611 0.262 -1.571
-5.736 8.192 -7.806 15.919 -13.602 14.366 -0.611 0.349 -1.571
-5.736 8.192 -8.472 15.709 -14.110 13.657 -0.611 0.262 -1.571
-5.736 8.192 -9.117 15.442 -14.555 12.906 -0.611 0.175 -1.571
-5.736 8.192 -9.736 15.120 -14.932 12.120 -0.611 0.087 -1.571
-5.736 8.192 -10.324 14.745 -15.239 11.303 -0.611 -0.000 -1.571
-5.736 8.192 -10.878 14.320 -15.474 10.463 -0.611 -0.087 -1.571
-5.736 8.192 -11.393 13.848 -15.635 9.606 -0.611 -0.175 -1.571
-5.736 8.192 -11.864 13.334 -15.721 8.738 -0.611 -0.262 -1.571
-5.000 8.660 -10.657 14.317 -14.899 10.074 -0.524 -0.262 -1.571
-4.226 9.063 -9.368 15.191 -13.965 11.335 -0.436 -0.262 -1.571
-3.420 9.397 -8.009 15.950 -12.924 12.509 -0.349 -0.262 -1.571
-2.588 9.659 -6.588 16.587 -11.784 13.587 -0.262 -0.262 -1.571
-1.736 9.848 -5.117 17.099 -10.555 14.563 -0.175 -0.262 -1.571
-0.872 9.962 -3.608 17.479 -9.246 15.427 -0.087 -0.262 -1.571
0.000 10.000 -2.071 17.727 -7.866 16.174 0.000 -0.262 -1.571
0.000 10.000 -1.389 17.878 -7.298 16.837 0.000 -0.175 -1.571
0.000 10.000 -0.697 17.970 -6.674 17.447 0.000 -0.087 -1.571
0.000 10.000 0.000 18.000 -6.000 18.000 0.000 -0.000 -1.571
0.000 10.000 0.697 17.970 -5.280 18.492 0.000 0.087 -1.571
0.000 10.000 1.389 17.878 -4.520 18.920 0.000 0.175 -1.571
0.000 10.000 1.389 17.878 -4.406 19.431 0.000 0.175 -1.484
0.000 10.000 1.389 17.878 -4.249 19.931 0.000 0.175 -1.396
0.000 10.000 1.389 17.878 -4.049 20.414 0.000 0.175 -1.309
0.000 10.000 1.389 17.878 -3.807 20.878 0.000 0.175 -1.222
0.000 10.000 1.389 17.878 -3.526 21.320 0.000 0.175 -1.134
0.000 10.000 1.389 17.878 -3.807 20.878 0.000 0.175 -1.222
0.000 10.000 1.389 17.878 -4.049 20.414 0.000 0.175 -1.309
0.000 10.000 1.389 17.878 -4.249 19.931 0.000 0.175 -1.396
0.000 10.000 1.389 17.878 -4.406 19.431 0.000 0.175 -1.484
-0.872 9.962 -0.174 17.932 -6.083 18.973 -0.087 0.175 -1.484
-1.736 9.848 -1.736 17.848 -7.714 18.371 -0.175 0.175 -1.484
-2.588 9.659 -3.285 17.629 -9.285 17.629 -0.262 0.175 -1.484
-3.420 9.397 -4.809 17.275 -10.787 16.752 -0.349 0.175 -1.484
-4.226 9.063 -6.297 16.790 -12.206 15.749 -0.436 0.175 -1.484
-5.000 8.660 -7.736 16.178 -13.532 14.625 -0.524 0.175 -1.484
-5.736 8.192 -9.117 15.442 -14.755 13.390 -0.611 0.175 -1.484
-6.428 7.660 -10.428 14.589 -15.866 12.053 -0.698 0.175 -1.484
-7.071 7.071 -11.660 13.624 -16.856 10.624 -0.785 0.175 -1.484
-7.071 7.071 -11.660 13.624 -17.098 11.089 -0.785 0.175 -1.396
-7.071 7.071 -11.660 13.624 -17.298 11.572 -0.785 0.175 -1.309
-7.071 7.071 -11.660 13.624 -17.455 12.071 -0.785 0.175 -1.222
-7.071 7.071 -11.660 13.624 -17.569 12.582 -0.785 0.175 -1.134
-7.071 7.071 -11.660 13.624 -17.637 13.101 -0.785 0.175 -1.047
-7.071 7.071 -11.660 13.624 -17.569 12.582 -0.785 0.175 -1.134
-7.071 7.071 -11.660 13.624 -17.455 12.071 -0.785 0.175 -1.222
-7.071 7.071 -11.660 13.624 -17.298 11.572 -0.785 0.175 -1.309
-7.071 7.071 -11.660 13.624 -17.098 11.089 -0.785 0.175 -1.396
-7.071 7.071 -11.660 13.624 -16.856 10.624 -0.785 0.175 -1.484
-7.071 7.071 -11.660 13.624 -16.575 10.183 -0.785 0.175 -1.571
-7.071 7.071 -11.071 13.999 -16.267 10.999 -0.785 0.262 -1.571
-7.071 7.071 -10.452 14.322 -15.890 11.786 -0.785 0.349 -1.571
-7.071 7.071 -9.807 14.589 -15.445 12.536 -0.785 0.436 -1.571
-7.071 7.071 -9.142 14.798 -14.937 13.246 -0.785 0.524 -1.571
-7.071 7.071 -8.460 14.950 -14.369 13.908 -0.785 0.611 -1.571
-7.071 7.071 -7.768 15.041 -13.745 14.518 -0.785 0.698 -1.571
-7.071 7.071 -7.071 15.071 -13.071 15.071 -0.785 0.785 -1.571
-7.071 7.071 -6.374 15.041 -12.351 15.564 -0.785 0.873 -1.571
-7.071 7.071 -5.682 14.950 -11.591 15.991 -0.785 0.960 -1.571
-7.071 7.071 -5.001 14.798 -10.796 16.351 -0.785 1.047 -1.571
-7.071 7.071 -4.335 14.589 -9.973 16.641 -0.785 1.134 -1.571
-7.071 7.071 -5.001 14.798 -10.796 16.351 -0.785 1.047 -1.571
-7.071 7.071 -5.682 14.950 -11.591 15.991 -0.785 0.960 -1.571
-7.071 7.071 -6.374 15.041 -12.351 15.564 -0.785 0.873 -1.571
-7.071 7.071 -7.071 15.071 -13.071 15.071 -0.785 0.785 -1.571
-7.071 7.071 -7.768 15.041 -13.745 14.518 -0.785 0.698 -1.571
-7.071 7.071 -8.460 14.950 -14.369 13.908 -0.785 0.611 -1.571
-7.071 7.071 -9.142 14.798 -14.937 13.246 -0.785 0.524 -1.571
-7.071 7.071 -9.807 14.589 -15.445 12.536 -0.785 0.436 -1.571
-7.071 7.071 -10.452 14.322 -15.890 11.786 -0.785 0.349 -1.571
-7.071 7.071 -11.071 13.999 -16.267 10.999 -0.785 0.262 -1.571
-7.071 7.071 -11.660 13.624 -16.575 10.183 -0.785 0.175 -1.571
-7.071 7.071 -11.660 13.624 -16.856 10.624 -0.785 0.175 -1.484
-7.071 7.071 -11.660 13.624 -17.098 11.089 -0.785 0.175 -1.396
-7.071 7.071 -11.660 13.624 -17.298 11.572 -0.785 0.175 -1.309
-7.071 7.071 -11.660 13.624 -17.455 12.071 -0.785 0.175 -1.222
-7.071 7.071 -11.660 13.624 -17.569 12.582 -0.785 0.175 -1.134
-7.071 7.071 -11.660 13.624 -17.637 13.101 -0.785 0.175 -1.047
-7.071 7.071 -11.660 13.624 -17.660 13.624 -0.785 0.175 -0.960
-7.071 7.071 -11.660 13.624 -17.637 14.147 -0.785 0.175 -0.873
-7.071 7.071 -11.660 13.624 -17.569 14.666 -0.785 0.175 -0.785
-7.071 7.071 -12.213 13.199 -18.191 13.722 -0.785 0.087 -0.785
-7.071 7.071 -12.728 12.728 -18.728 12.728 -0.785 -0.000 -0.785
-7.071 7.071 -13.199 12.213 -19.177 11.690 -0.785 -0.087 -0.785
-7.071 7.071 -13.624 11.660 -19.533 10.618 -0.785 -0.175 -0.785
-7.071 7.071 -13.199 12.213 -19.177 11.690 -0.785 -0.087 -0.785
-7.071 7.071 -12.728 12.728 -18.728 12.728 -0.785 -0.000 -0.785
-7.071 7.071 -12.213 13.199 -18.191 13.722 -0.785 0.087 -0.785
-7.071 7.071 -11.660 13.624 -17.569 14.666 -0.785 0.175 -0.785
-6.428 7.660 -10.428 14.589 -16.223 16.142 -0.698 0.175 -0.785
-5.736 8.192 -9.117 15.442 -14.755 17.494 -0.611 0.175 -0.785
-5.000 8.660 -7.736 16.178 -13.174 18.714 -0.524 0.175 -0.785
-4.226 9.063 -6.297 16.790 -11.493 19.790 -0.436 0.175 -0.785
-3.420 9.397 -4.809 17.275 -9.724 20.717 -0.349 0.175 -0.785