#a1_X a1_Y a2_X a2_Y a3_X a3_Y j_1 j_2 j_3
0.000 10.000 0.697 17.970 1.220 23.947 0.000 0.087 0.000
0.000 10.000 1.389 17.878 2.431 23.787 0.000 0.175 0.000
0.000 10.000 2.071 17.727 3.623 23.523 0.000 0.262 0.000
0.000 10.000 2.736 17.518 4.788 23.156 0.000 0.349 0.000
0.000 10.000 3.381 17.250 5.917 22.688 0.000 0.436 0.000
-0.872 9.962 1.865 17.479 3.917 23.118 -0.087 0.436 0.000
-1.736 9.848 0.334 17.575 1.887 23.371 -0.175 0.436 0.000
-2.588 9.659 -1.199 17.538 -0.157 23.447 -0.262 0.436 0.000
-3.420 9.397 -2.723 17.366 -2.200 23.344 -0.349 0.436 0.000
-4.226 9.063 -4.226 17.063 -4.226 23.063 -0.436 0.436 0.000
-5.000 8.660 -5.697 16.630 -6.220 22.607 -0.524 0.436 0.000
-5.736 8.192 -7.125 16.070 -8.167 21.979 -0.611 0.436 0.000
-6.428 7.660 -8.498 15.388 -10.051 21.183 -0.698 0.436 0.000
-7.071 7.071 -9.807 14.589 -11.859 20.227 -0.785 0.436 0.000
-7.660 6.428 -11.041 13.678 -13.577 19.116 -0.873 0.436 0.000
-8.192 5.736 -12.192 12.664 -15.192 17.860 -0.960 0.436 0.000
-8.660 5.000 -13.249 11.553 -16.690 16.468 -1.047 0.436 0.000
-8.660 5.000 -13.803 11.128 -17.659 15.725 -1.047 0.349 0.000
-8.660 5.000 -14.317 10.657 -18.560 14.899 -1.047 0.262 0.000
-8.660 5.000 -14.789 10.142 -19.385 13.999 -1.047 0.175 0.000
-8.660 5.000 -15.213 9.589 -20.128 13.030 -1.047 0.087 0.000
-8.660 5.000 -14.789 10.142 -19.385 13.999 -1.047 0.175 0.000
-8.660 5.000 -14.317 10.657 -18.560 14.899 -1.047 0.262 0.000
-8.660 5.000 -13.803 11.128 -17.659 15.725 -1.047 0.349 0.000
-8.660 5.000 -13.249 11.553 -16.690 16.468 -1.047 0.436 0.000
-8.660 5.000 -12.660 11.928 -15.660 17.124 -1.047 0.524 0.000
-8.660 5.000 -12.041 12.250 -14.577 17.688 -1.047 0.611 0.000
-8.660 5.000 -11.396 12.518 -13.449 18.156 -1.047 0.698 0.000
-8.660 5.000 -10.731 12.727 -12.284 18.523 -1.047 0.785 0.000
-8.660 5.000 -10.049 12.878 -11.091 18.787 -1.047 0.873 0.000
-8.660 5.000 -9.357 12.970 -9.880 18.947 -1.047 0.960 0.000
-8.660 5.000 -8.660 13.000 -8.660 19.000 -1.047 1.047 0.000
-8.660 5.000 -7.963 12.970 -7.440 18.947 -1.047 1.134 0.000
-8.660 5.000 -7.271 12.878 -6.229 18.787 -1.047 1.222 0.000
-8.660 5.000 -6.590 12.727 -5.037 18.523 -1.047 1.309 0.000
-8.660 5.000 -5.924 12.518 -3.872 18.156 -1.047 1.396 0.000
-8.660 5.000 -5.279 12.250 -2.744 17.688 -1.047 1.484 0.000
-8.660 5.000 -4.660 11.928 -1.660 17.124 -1.047 1.571 0.000
-8.660 5.000 -4.072 11.553 -0.630 16.468 -1.047 1.658 0.000
-9.063 4.226 -5.063 11.154 -2.063 16.351 -1.134 1.658 0.000
-9.397 3.420 -6.016 10.671 -3.480 16.109 -1.222 1.658 0.000
-9.659 2.588 -6.923 10.106 -4.871 15.744 -1.309 1.658 0.000
-9.848 1.736 -7.778 9.464 -6.225 15.259 -1.396 1.658 0.000
-9.659 2.588 -6.923 10.106 -4.871 15.744 -1.309 1.658 0.000
-9.397 3.420 -6.016 10.671 -3.480 16.109 -1.222 1.658 0.000
-9.063 4.226 -5.063 11.154 -2.063 16.351 -1.134 1.658 0.000
-8.660 5.000 -4.072 11.553 -0.630 16.468 -1.047 1.658 0.000
-8.192 5.736 -3.049 11.864 0.808 16.460 -0.960 1.658 0.000
-7.660 6.428 -2.004 12.085 2.239 16.327 -0.873 1.658 0.000
-7.071 7.071 -0.943 12.213 3.654 16.070 -0.785 1.658 0.000
-7.071 7.071 -1.414 12.728 2.828 16.971 -0.785 1.571 0.000
-7.071 7.071 -1.929 13.199 1.928 17.796 -0.785 1.484 0.000
-7.071 7.071 -2.482 13.624 0.959 18.539 -0.785 1.396 0.000
-7.071 7.071 -3.071 13.999 -0.071 19.195 -0.785 1.309 0.000
-7.071 7.071 -3.690 14.322 -1.154 19.759 -0.785 1.222 0.000
-7.071 7.071 -4.335 14.589 -2.283 20.227 -0.785 1.134 0.000
-7.071 7.071 -4.335 14.589 -2.782 20.384 -0.785 1.134 -0.087
-7.071 7.071 -4.335 14.589 -3.293 20.497 -0.785 1.134 -0.175
-7.071 7.071 -4.335 14.589 -3.812 20.566 -0.785 1.134 -0.262
-7.071 7.071 -4.335 14.589 -4.335 20.589 -0.785 1.134 -0.349
-7.071 7.071 -4.335 14.589 -4.858 20.566 -0.785 1.134 -0.436
-7.071 7.071 -4.335 14.589 -5.377 20.497 -0.785 1.134 -0.524
-7.071 7.071 -4.335 14.589 -5.888 20.384 -0.785 1.134 -0.611
-7.071 7.071 -4.335 14.589 -5.377 20.497 -0.785 1.134 -0.524
-7.071 7.071 -4.335 14.589 -4.858 20.566 -0.785 1.134 -0.436
-7.071 7.071 -4.335 14.589 -4.335 20.589 -0.785 1.134 -0.349
-7.071 7.071 -4.335 14.589 -3.812 20.566 -0.785 1.134 -0.262
-7.071 7.071 -4.335 14.589 -3.293 20.497 -0.785 1.134 -0.175
-7.071 7.071 -4.335 14.589 -2.782 20.384 -0.785 1.134 -0.087
-7.071 7.071 -4.335 14.589 -2.283 20.227 -0.785 1.134 0.000
-7.071 7.071 -4.335 14.589 -1.799 20.026 -0.785 1.134 0.087
-7.071 7.071 -4.335 14.589 -1.335 19.785 -0.785 1.134 0.175
-7.071 7.071 -4.335 14.589 -0.893 19.504 -0.785 1.134 0.262
-7.071 7.071 -4.335 14.589 -0.478 19.185 -0.785 1.134 0.349
-7.071 7.071 -4.335 14.589 -0.092 18.831 -0.785 1.134 0.436
-7.660 6.428 -5.590 14.155 -1.733 18.752 -0.873 1.134 0.436
-8.192 5.736 -6.802 13.614 -3.361 18.529 -0.960 1.134 0.436
-8.660 5.000 -7.963 12.970 -4.963 18.166 -1.047 1.134 0.436
-9.063 4.226 -9.063 12.226 -6.527 17.664 -1.134 1.134 0.436
-9.063 4.226 -9.063 12.226 -6.063 17.422 -1.134 1.134 0.524
-9.063 4.226 -9.063 12.226 -5.622 17.141 -1.134 1.134 0.611
-9.063 4.226 -9.063 12.226 -5.206 16.822 -1.134 1.134 0.698
-9.063 4.226 -9.063 12.226 -4.820 16.469 -1.134 1.134 0.785
-9.063 4.226 -9.063 12.226 -4.467 16.083 -1.134 1.134 0.873
-9.063 4.226 -9.063 12.226 -4.148 15.668 -1.134 1.134 0.960
-9.063 4.226 -9.063 12.226 -3.867 15.226 -1.134 1.134 1.047
-9.063 4.226 -9.063 12.226 -3.625 14.762 -1.134 1.134 1.134
-9.063 4.226 -9.063 12.226 -3.425 14.278 -1.134 1.134 1.222
-9.063 4.226 -9.063 12.226 -3.268 13.779 -1.134 1.134 1.309
-9.063 4.226 -9.063 12.226 -3.154 13.268 -1.134 1.134 1.396
-9.063 4.226 -9.063 12.226 -3.086 12.749 -1.134 1.134 1.484
-9.063 4.226 -9.063 12.226 -3.063 12.226 -1.134 1.134 1.571