#a1_X a1_Y a2_X a2_Y a3_X a3_Y j_1 j_2 j_3
0.000 10.000 0.697 17.970 1.220 23.947 0.000 0.087 0.000
0.000 10.000 1.389 17.878 2.431 23.787 0.000 0.175 0.000
0.000 10.000 2.071 17.727 3.623 23.523 0.000 0.262 0.000
0.000 10.000 2.736 17.518 4.788 23.156 0.000 0.349 0.000
0.000 10.000 3.381 17.250 5.917 22.688 0.000 0.436 0.000
0.000 10.000 3.381 17.250 5.433 22.889 0.000 0.436 -0.087
0.000 10.000 3.381 17.250 4.934 23.046 0.000 0.436 -0.175
0.000 10.000 3.381 17.250 4.423 23.159 0.000 0.436 -0.262
0.000 10.000 3.381 17.250 3.904 23.228 0.000 0.436 -0.349
0.000 10.000 3.381 17.250 3.381 23.250 0.000 0.436 -0.436
0.000 10.000 3.381 17.250 2.858 23.228 0.000 0.436 -0.524
-0.872 9.962 1.865 17.479 0.823 23.388 -0.087 0.436 -0.524
-1.736 9.848 0.334 17.575 -1.219 23.371 -0.175 0.436 -0.524
-2.588 9.659 -1.199 17.538 -3.251 23.176 -0.262 0.436 -0.524
-1.736 9.848 0.334 17.575 -1.219 23.371 -0.175 0.436 -0.524
-0.872 9.962 1.865 17.479 0.823 23.388 -0.087 0.436 -0.524
0.000 10.000 3.381 17.250 2.858 23.228 0.000 0.436 -0.524
0.000 10.000 3.381 17.250 3.381 23.250 0.000 0.436 -0.436
0.000 10.000 3.381 17.250 3.904 23.228 0.000 0.436 -0.349
0.000 10.000 3.381 17.250 4.423 23.159 0.000 0.436 -0.262
0.000 10.000 3.381 17.250 4.934 23.046 0.000 0.436 -0.175
0.000 10.000 3.381 17.250 5.433 22.889 0.000 0.436 -0.087
0.000 10.000 3.381 17.250 5.917 22.688 0.000 0.436 0.000
0.000 10.000 3.381 17.250 6.381 22.447 0.000 0.436 0.087
0.000 10.000 3.381 17.250 6.822 22.165 0.000 0.436 0.175
0.000 10.000 3.381 17.250 7.238 21.847 0.000 0.436 0.262
0.000 10.000 3.381 17.250 7.624 21.493 0.000 0.436 0.349
0.000 10.000 3.381 17.250 7.977 21.107 0.000 0.436 0.436
0.000 10.000 3.381 17.250 8.296 20.692 0.000 0.436 0.524
0.000 10.000 3.381 17.250 8.577 20.250 0.000 0.436 0.611
0.000 10.000 3.381 17.250 8.819 19.786 0.000 0.436 0.698
0.000 10.000 3.381 17.250 9.019 19.303 0.000 0.436 0.785
0.000 10.000 3.381 17.250 9.177 18.803 0.000 0.436 0.873
0.000 10.000 3.381 17.250 9.290 18.292 0.000 0.436 0.960
0.000 10.000 3.381 17.250 9.358 17.773 0.000 0.436 1.047
0.000 10.000 3.381 17.250 9.381 17.250 0.000 0.436 1.134
0.000 10.000 3.381 17.250 9.358 16.728 0.000 0.436 1.222
0.000 10.000 3.381 17.250 9.290 16.209 0.000 0.436 1.309
0.000 10.000 3.381 17.250 9.177 15.698 0.000 0.436 1.396
0.000 10.000 3.381 17.250 9.019 15.198 0.000 0.436 1.484