#a1_X a1_Y a2_X a2_Y a3_X a3_Y j_1 j_2 j_3
0.000 10.000 0.000 18.000 -0.523 23.977 0.000 0.000 -0.087
0.000 10.000 0.000 18.000 -1.042 23.909 0.000 0.000 -0.175
0.000 10.000 0.000 18.000 -1.553 23.796 0.000 0.000 -0.262
0.000 10.000 0.697 17.970 -0.345 23.878 0.000 0.087 -0.262
0.000 10.000 1.389 17.878 0.866 23.856 0.000 0.175 -0.262
0.000 10.000 2.071 17.727 2.071 23.727 0.000 0.262 -0.262
0.000 10.000 2.736 17.518 3.259 23.495 0.000 0.349 -0.262
0.000 10.000 3.381 17.250 4.423 23.159 0.000 0.436 -0.262
-0.872 9.962 1.865 17.479 2.388 23.457 -0.087 0.436 -0.262
-1.736 9.848 0.334 17.575 0.334 23.575 -0.175 0.436 -0.262
-2.588 9.659 -1.199 17.538 -1.722 23.515 -0.262 0.436 -0.262
-3.420 9.397 -2.723 17.366 -3.765 23.275 -0.349 0.436 -0.262
-4.226 9.063 -4.226 17.063 -5.779 22.859 -0.436 0.436 -0.262
-5.000 8.660 -5.697 16.630 -7.749 22.268 -0.524 0.436 -0.262
-5.736 8.192 -7.125 16.070 -9.661 21.508 -0.611 0.436 -0.262
-6.428 7.660 -8.498 15.388 -11.498 20.584 -0.698 0.436 -0.262
-7.071 7.071 -9.807 14.589 -13.249 19.504 -0.785 0.436 -0.262
-7.071 7.071 -9.142 14.798 -12.142 19.995 -0.785 0.524 -0.262
-7.071 7.071 -8.460 14.950 -10.996 20.387 -0.785 0.611 -0.262
-7.071 7.071 -7.768 15.041 -9.820 20.679 -0.785 0.698 -0.262
-7.071 7.071 -7.071 15.071 -8.624 20.867 -0.785 0.785 -0.262
-7.071 7.071 -6.374 15.041 -7.416 20.949 -0.785 0.873 -0.262
-7.071 7.071 -5.682 14.950 -6.205 20.927 -0.785 0.960 -0.262
-7.071 7.071 -6.374 15.041 -7.416 20.949 -0.785 0.873 -0.262
-7.071 7.071 -7.071 15.071 -8.624 20.867 -0.785 0.785 -0.262
-7.071 7.071 -7.768 15.041 -9.820 20.679 -0.785 0.698 -0.262
-7.071 7.071 -8.460 14.950 -10.996 20.387 -0.785 0.611 -0.262
-7.071 7.071 -9.142 14.798 -12.142 19.995 -0.785 0.524 -0.262
-7.071 7.071 -9.807 14.589 -13.249 19.504 -0.785 0.436 -0.262
-7.071 7.071 -10.452 14.322 -14.309 18.918 -0.785 0.349 -0.262
-7.071 7.071 -11.071 13.999 -15.314 18.242 -0.785 0.262 -0.262
-7.071 7.071 -11.660 13.624 -16.256 17.481 -0.785 0.175 -0.262
-7.071 7.071 -12.213 13.199 -17.128 16.641 -0.785 0.087 -0.262
-7.071 7.071 -12.728 12.728 -17.924 15.728 -0.785 -0.000 -0.262
-7.071 7.071 -13.199 12.213 -18.637 14.749 -0.785 -0.087 -0.262
-7.071 7.071 -13.624 11.660 -19.262 13.712 -0.785 -0.175 -0.262
-7.071 7.071 -13.999 11.071 -19.795 12.624 -0.785 -0.262 -0.262
-7.071 7.071 -14.322 10.452 -20.230 11.494 -0.785 -0.349 -0.262
-7.071 7.071 -13.999 11.071 -19.795 12.624 -0.785 -0.262 -0.262
-7.071 7.071 -13.624 11.660 -19.262 13.712 -0.785 -0.175 -0.262
-7.071 7.071 -13.199 12.213 -18.637 14.749 -0.785 -0.087 -0.262
-7.071 7.071 -12.728 12.728 -17.924 15.728 -0.785 -0.000 -0.262
-7.071 7.071 -12.728 12.728 -17.643 16.169 -0.785 -0.000 -0.175
-7.071 7.071 -12.728 12.728 -17.324 16.585 -0.785 -0.000 -0.087
-7.071 7.071 -12.728 12.728 -16.971 16.971 -0.785 -0.000 0.000
-7.071 7.071 -12.728 12.728 -16.585 17.324 -0.785 -0.000 0.087
-7.071 7.071 -12.728 12.728 -16.169 17.643 -0.785 -0.000 0.175
-7.071 7.071 -12.728 12.728 -15.728 17.924 -0.785 -0.000 0.262
-7.071 7.071 -12.728 12.728 -15.264 18.166 -0.785 -0.000 0.349
-7.071 7.071 -12.213 13.199 -14.265 18.838 -0.785 0.087 0.349
-7.071 7.071 -11.660 13.624 -13.213 19.420 -0.785 0.175 0.349
-7.071 7.071 -11.071 13.999 -12.113 19.908 -0.785 0.262 0.349
-7.071 7.071 -10.452 14.322 -10.975 20.299 -0.785 0.349 0.349
-7.071 7.071 -9.807 14.589 -9.807 20.589 -0.785 0.436 0.349
-7.071 7.071 -9.142 14.798 -8.619 20.776 -0.785 0.524 0.349
-7.071 7.071 -8.460 14.950 -7.418 20.858 -0.785 0.611 0.349
-7.071 7.071 -7.768 15.041 -6.215 20.836 -0.785 0.698 0.349
-7.071 7.071 -7.071 15.071 -5.019 20.709 -0.785 0.785 0.349
-7.071 7.071 -6.374 15.041 -3.838 20.478 -0.785 0.873 0.349
-7.071 7.071 -5.682 14.950 -2.682 20.146 -0.785 0.960 0.349
-7.071 7.071 -5.001 14.798 -1.559 19.713 -0.785 1.047 0.349
-7.071 7.071 -5.001 14.798 -2.001 19.995 -0.785 1.047 0.262
-7.071 7.071 -5.001 14.798 -2.465 20.236 -0.785 1.047 0.175
-7.071 7.071 -5.001 14.798 -2.948 20.437 -0.785 1.047 0.087
-7.071 7.071 -5.001 14.798 -2.465 20.236 -0.785 1.047 0.175
-7.071 7.071 -5.001 14.798 -2.001 19.995 -0.785 1.047 0.262
-7.071 7.071 -5.001 14.798 -1.559 19.713 -0.785 1.047 0.349
-7.071 7.071 -5.001 14.798 -1.144 19.395 -0.785 1.047 0.436
-7.071 7.071 -5.001 14.798 -0.758 19.041 -0.785 1.047 0.524
-7.071 7.071 -5.001 14.798 -0.404 18.655 -0.785 1.047 0.611
-7.071 7.071 -5.001 14.798 -0.086 18.240 -0.785 1.047 0.698
-7.660 6.428 -6.271 14.306 -1.675 18.163 -0.873 1.047 0.698
-8.192 5.736 -7.494 13.705 -3.252 17.948 -0.960 1.047 0.698
-8.660 5.000 -8.660 13.000 -4.804 17.596 -1.047 1.047 0.698
-9.063 4.226 -9.760 12.196 -6.319 17.111 -1.134 1.047 0.698
-9.397 3.420 -10.786 11.299 -7.786 16.495 -1.222 1.047 0.698
-9.659 2.588 -11.730 10.316 -9.194 15.753 -1.309 1.047 0.698
-9.848 1.736 -12.584 9.254 -10.532 14.892 -1.396 1.047 0.698
-9.962 0.872 -13.343 8.122 -11.790 13.918 -1.484 1.047 0.698
-10.000 0.000 -14.000 6.928 -12.958 12.837 -1.571 1.047 0.698
-9.962 0.872 -13.343 8.122 -11.790 13.918 -1.484 1.047 0.698
-9.848 1.736 -12.584 9.254 -10.532 14.892 -1.396 1.047 0.698
-9.659 2.588 -11.730 10.316 -9.194 15.753 -1.309 1.047 0.698
-9.397 3.420 -10.786 11.299 -7.786 16.495 -1.222 1.047 0.698
-9.063 4.226 -9.760 12.196 -6.319 17.111 -1.134 1.047 0.698
-8.660 5.000 -8.660 13.000 -4.804 17.596 -1.047 1.047 0.698
-8.192 5.736 -7.494 13.705 -3.252 17.948 -0.960 1.047 0.698
-7.660 6.428 -6.271 14.306 -1.675 18.163 -0.873 1.047 0.698
-7.071 7.071 -5.001 14.798 -0.086 18.240 -0.785 1.047 0.698
-7.660 6.428 -6.271 14.306 -1.675 18.163 -0.873 1.047 0.698
-8.192 5.736 -7.494 13.705 -3.252 17.948 -0.960 1.047 0.698
-8.660 5.000 -8.660 13.000 -4.804 17.596 -1.047 1.047 0.698
-9.063 4.226 -9.760 12.196 -6.319 17.111 -1.134 1.047 0.698
-9.063 4.226 -9.760 12.196 -6.760 17.392 -1.134 1.047 0.611
-9.063 4.226 -9.760 12.196 -7.225 17.634 -1.134 1.047 0.524
-9.063 4.226 -9.760 12.196 -7.708 17.834 -1.134 1.047 0.436
-9.063 4.226 -9.760 12.196 -8.207 17.991 -1.134 1.047 0.349
-9.397 3.420 -10.786 11.299 -9.744 17.208 -1.222 1.047 0.349
-9.659 2.588 -11.730 10.316 -11.207 16.293 -1.309 1.047 0.349
-9.848 1.736 -12.584 9.254 -12.584 15.254 -1.396 1.047 0.349
-9.962 0.872 -13.343 8.122 -13.866 14.099 -1.484 1.047 0.349
-9.962 0.872 -13.343 8.122 -13.343 14.122 -1.484 1.047 0.436
-9.962 0.872 -13.343 8.122 -12.820 14.099 -1.484 1.047 0.524
-9.962 0.872 -13.343 8.122 -12.301 14.031 -1.484 1.047 0.611
-9.962 0.872 -13.343 8.122 -11.790 13.918 -1.484 1.047 0.698
-9.962 0.872 -13.343 8.122 -11.291 13.760 -1.484 1.047 0.785
-9.962 0.872 -13.343 8.122 -10.807 13.560 -1.484 1.047 0.873
-9.848 1.736 -12.584 9.254 -9.584 14.450 -1.396 1.047 0.873
-9.659 2.588 -11.730 10.316 -8.288 15.231 -1.309 1.047 0.873
-9.397 3.420 -10.786 11.299 -6.929 15.895 -1.222 1.047 0.873
-9.063 4.226 -9.760 12.196 -5.518 16.438 -1.134 1.047 0.873
-8.660 5.000 -8.660 13.000 -4.064 16.857 -1.047 1.047 0.873
-8.192 5.736 -7.494 13.705 -2.579 17.147 -0.960 1.047 0.873
-7.660 6.428 -6.271 14.306 -1.075 17.306 -0.873 1.047 0.873
-7.071 7.071 -5.001 14.798 0.437 17.334 -0.785 1.047 0.873
-6.428 7.660 -3.692 15.178 1.946 17.230 -0.698 1.047 0.873
-7.071 7.071 -5.001 14.798 0.437 17.334 -0.785 1.047 0.873
-7.660 6.428 -6.271 14.306 -1.075 17.306 -0.873 1.047 0.873
-8.192 5.736 -7.494 13.705 -2.579 17.147 -0.960 1.047 0.873
-8.660 5.000 -8.660 13.000 -4.064 16.857 -1.047 1.047 0.873
-9.063 4.226 -9.760 12.196 -5.518 16.438 -1.134 1.047 0.873
-9.397 3.420 -10.786 11.299 -6.929 15.895 -1.222 1.047 0.873
-9.659 2.588 -11.730 10.316 -8.288 15.231 -1.309 1.047 0.873
-9.848 1.736 -12.584 9.254 -9.584 14.450 -1.396 1.047 0.873
-9.962 0.872 -13.343 8.122 -10.807 13.560 -1.484 1.047 0.873
-9.962 0.872 -12.698 8.389 -9.698 13.585 -1.484 1.134 0.873
-9.962 0.872 -12.032 8.599 -8.591 13.514 -1.484 1.222 0.873
-9.962 0.872 -11.351 8.750 -7.494 13.346 -1.484 1.309 0.873
-9.962 0.872 -10.659 8.841 -6.417 13.084 -1.484 1.396 0.873
-9.962 0.872 -9.962 8.872 -5.366 12.728 -1.484 1.484 0.873
-9.962 0.872 -9.265 8.841 -4.350 12.283 -1.484 1.571 0.873
-9.962 0.872 -8.573 8.750 -3.377 11.750 -1.484 1.658 0.873
-9.962 0.872 -7.891 8.599 -2.454 11.135 -1.484 1.745 0.873
-9.962 0.872 -7.226 8.389 -1.588 10.441 -1.484 1.833 0.873
-9.962 0.872 -6.581 8.122 -0.785 9.675 -1.484 1.920 0.873
-9.962 0.872 -5.962 7.800 -0.053 8.842 -1.484 2.007 0.873
-9.962 0.872 -5.962 7.800 -0.166 9.353 -1.484 2.007 0.785
-9.962 0.872 -5.962 7.800 -0.324 9.852 -1.484 2.007 0.698
-9.962 0.872 -5.962 7.800 -0.524 10.335 -1.484 2.007 0.611
-9.962 0.872 -5.962 7.800 -0.766 10.800 -1.484 2.007 0.524
-9.962 0.872 -5.962 7.800 -1.047 11.241 -1.484 2.007 0.436
-9.962 0.872 -5.962 7.800 -1.366 11.656 -1.484 2.007 0.349
-9.962 0.872 -5.962 7.800 -1.719 12.042 -1.484 2.007 0.262
-9.962 0.872 -5.962 7.800 -2.105 12.396 -1.484 2.007 0.175
-9.962 0.872 -5.962 7.800 -2.520 12.715 -1.484 2.007 0.087
-9.962 0.872 -5.962 7.800 -2.962 12.996 -1.484 2.007 0.000
-9.962 0.872 -5.962 7.800 -3.426 13.238 -1.484 2.007 -0.087
-9.962 0.872 -5.962 7.800 -3.910 13.438 -1.484 2.007 -0.175
-9.962 0.872 -5.962 7.800 -4.409 13.595 -1.484 2.007 -0.262
-9.962 0.872 -5.962 7.800 -4.920 13.709 -1.484 2.007 -0.349
-9.962 0.872 -5.962 7.800 -5.439 13.777 -1.484 2.007 -0.436
-9.962 0.872 -5.962 7.800 -5.962 13.800 -1.484 2.007 -0.524
-9.962 0.872 -5.962 7.800 -6.485 13.777 -1.484 2.007 -0.611
-9.962 0.872 -5.962 7.800 -7.004 13.709 -1.484 2.007 -0.698
-9.962 0.872 -5.373 7.425 -5.896 13.402 -1.484 2.094 -0.698
-9.962 0.872 -5.962 7.800 -7.004 13.709 -1.484 2.007 -0.698
-9.962 0.872 -6.581 8.122 -8.134 13.918 -1.484 1.920 -0.698
-9.962 0.872 -7.226 8.389 -9.278 14.027 -1.484 1.833 -0.698
-9.962 0.872 -7.891 8.599 -10.427 14.037 -1.484 1.745 -0.698
-9.962 0.872 -8.573 8.750 -11.573 13.946 -1.484 1.658 -0.698
-9.848 1.736 -7.778 9.464 -10.313 14.902 -1.396 1.658 -0.698
-9.659 2.588 -6.923 10.106 -8.975 15.744 -1.309 1.658 -0.698
-9.397 3.420 -6.016 10.671 -7.569 16.466 -1.222 1.658 -0.698
-9.063 4.226 -5.063 11.154 -6.105 17.063 -1.134 1.658 -0.698
-8.660 5.000 -4.072 11.553 -4.595 17.530 -1.047 1.658 -0.698
-8.660 5.000 -4.072 11.553 -4.072 17.553 -1.047 1.658 -0.611
-8.660 5.000 -4.072 11.553 -3.549 17.530 -1.047 1.658 -0.524
-8.660 5.000 -4.072 11.553 -3.030 17.462 -1.047 1.658 -0.436
-8.660 5.000 -4.072 11.553 -2.519 17.349 -1.047 1.658 -0.349
-8.192 5.736 -3.049 11.864 -0.997 17.502 -0.960 1.658 -0.349
-7.660 6.428 -2.004 12.085 0.532 17.523 -0.873 1.658 -0.349
-7.071 7.071 -0.943 12.213 2.057 17.410 -0.785 1.658 -0.349
-6.428 7.660 0.125 12.249 3.567 17.164 -0.698 1.658 -0.349