#a1_X a1_Y a2_X a2_Y a3_X a3_Y j_1 j_2 j_3
0.000 10.000 0.697 17.970 1.220 23.947 0.000 0.087 0.000
0.000 10.000 1.389 17.878 2.431 23.787 0.000 0.175 0.000
0.000 10.000 2.071 17.727 3.623 23.523 0.000 0.262 0.000
0.000 10.000 2.736 17.518 4.788 23.156 0.000 0.349 0.000
0.000 10.000 3.381 17.250 5.917 22.688 0.000 0.436 0.000
0.000 10.000 3.381 17.250 5.433 22.889 0.000 0.436 -0.087
0.000 10.000 3.381 17.250 4.934 23.046 0.000 0.436 -0.175
0.000 10.000 3.381 17.250 4.423 23.159 0.000 0.436 -0.262
0.000 10.000 3.381 17.250 3.904 23.228 0.000 0.436 -0.349
0.000 10.000 3.381 17.250 3.381 23.250 0.000 0.436 -0.436
0.000 10.000 3.381 17.250 2.858 23.228 0.000 0.436 -0.524
0.000 10.000 3.381 17.250 2.339 23.159 0.000 0.436 -0.611
0.000 10.000 3.381 17.250 1.828 23.046 0.000 0.436 -0.698
0.000 10.000 3.381 17.250 1.329 22.889 0.000 0.436 -0.785
0.000 10.000 3.381 17.250 0.845 22.688 0.000 0.436 -0.873
0.000 10.000 3.381 17.250 0.381 22.447 0.000 0.436 -0.960
0.000 10.000 3.381 17.250 -0.061 22.165 0.000 0.436 -1.047
-0.872 9.962 1.865 17.479 -1.992 22.076 -0.087 0.436 -1.047
-1.736 9.848 0.334 17.575 -3.909 21.818 -0.175 0.436 -1.047
-2.588 9.659 -1.199 17.538 -5.795 21.394 -0.262 0.436 -1.047
-3.420 9.397 -2.723 17.366 -7.638 20.808 -0.349 0.436 -1.047
-3.420 9.397 -2.723 17.366 -7.919 20.366 -0.349 0.436 -1.134
-3.420 9.397 -2.723 17.366 -8.161 19.902 -0.349 0.436 -1.222
-3.420 9.397 -2.723 17.366 -8.361 19.419 -0.349 0.436 -1.309
-3.420 9.397 -2.723 17.366 -8.519 18.919 -0.349 0.436 -1.396
-3.420 9.397 -2.723 17.366 -8.632 18.408 -0.349 0.436 -1.484
-3.420 9.397 -2.723 17.366 -8.700 17.889 -0.349 0.436 -1.571
-2.588 9.659 -1.199 17.538 -7.108 18.580 -0.262 0.436 -1.571
-1.736 9.848 0.334 17.575 -5.461 19.128 -0.175 0.436 -1.571
-0.872 9.962 1.865 17.479 -3.774 19.532 -0.087 0.436 -1.571
-0.872 9.962 2.509 17.212 -2.928 19.748 -0.087 0.524 -1.571
-0.872 9.962 3.128 16.890 -2.068 19.890 -0.087 0.611 -1.571
-0.872 9.962 3.717 16.515 -1.198 19.957 -0.087 0.698 -1.571
-0.872 9.962 3.717 16.515 -0.879 20.372 -0.087 0.698 -1.484
-0.872 9.962 3.717 16.515 -0.526 20.758 -0.087 0.698 -1.396
-0.872 9.962 3.717 16.515 -0.140 21.111 -0.087 0.698 -1.309
-0.872 9.962 3.717 16.515 0.276 21.430 -0.087 0.698 -1.222
-0.872 9.962 3.717 16.515 0.717 21.711 -0.087 0.698 -1.134
-0.872 9.962 3.717 16.515 1.181 21.953 -0.087 0.698 -1.047
-0.872 9.962 3.717 16.515 1.665 22.153 -0.087 0.698 -0.960
-0.872 9.962 3.717 16.515 2.164 22.311 -0.087 0.698 -0.873
-0.872 9.962 3.717 16.515 1.665 22.153 -0.087 0.698 -0.960
-0.872 9.962 3.717 16.515 1.181 21.953 -0.087 0.698 -1.047
-0.872 9.962 3.717 16.515 0.717 21.711 -0.087 0.698 -1.134
-0.872 9.962 3.717 16.515 0.276 21.430 -0.087 0.698 -1.222
-0.872 9.962 3.717 16.515 -0.140 21.111 -0.087 0.698 -1.309
-0.872 9.962 3.717 16.515 -0.526 20.758 -0.087 0.698 -1.396
-0.872 9.962 3.128 16.890 -1.468 20.747 -0.087 0.611 -1.396
-0.872 9.962 2.509 17.212 -2.406 20.654 -0.087 0.524 -1.396
-0.872 9.962 1.865 17.479 -3.332 20.479 -0.087 0.436 -1.396
-0.872 9.962 1.199 17.689 -4.239 20.225 -0.087 0.349 -1.396
-0.872 9.962 0.518 17.840 -5.121 19.893 -0.087 0.262 -1.396
-0.872 9.962 -0.174 17.932 -5.970 19.484 -0.087 0.175 -1.396
-0.872 9.962 0.518 17.840 -5.121 19.893 -0.087 0.262 -1.396
-0.872 9.962 1.199 17.689 -4.239 20.225 -0.087 0.349 -1.396
-0.872 9.962 1.865 17.479 -3.332 20.479 -0.087 0.436 -1.396
-0.872 9.962 1.199 17.689 -4.239 20.225 -0.087 0.349 -1.396
-0.872 9.962 0.518 17.840 -5.121 19.893 -0.087 0.262 -1.396
-0.872 9.962 -0.174 17.932 -5.970 19.484 -0.087 0.175 -1.396
-0.872 9.962 -0.872 17.962 -6.780 19.004 -0.087 0.087 -1.396
-0.872 9.962 -1.569 17.932 -7.546 18.454 -0.087 -0.000 -1.396
-1.736 9.848 -3.126 17.727 -9.126 17.727 -0.175 -0.000 -1.396
-2.588 9.659 -4.659 17.387 -10.636 16.864 -0.262 -0.000 -1.396
-3.420 9.397 -6.156 16.914 -12.065 15.873 -0.349 -0.000 -1.396
-4.226 9.063 -7.607 16.314 -13.403 14.761 -0.436 -0.000 -1.396
-5.000 8.660 -9.000 15.588 -14.638 13.536 -0.524 -0.000 -1.396
-5.736 8.192 -10.324 14.745 -15.762 12.209 -0.611 -0.000 -1.396
-6.428 7.660 -11.570 13.789 -16.766 10.789 -0.698 -0.000 -1.396
-6.428 7.660 -11.016 14.214 -16.454 11.678 -0.698 0.087 -1.396
-6.428 7.660 -10.428 14.589 -16.066 12.537 -0.698 0.175 -1.396
-6.428 7.660 -9.809 14.911 -15.604 13.358 -0.698 0.262 -1.396
-6.428 7.660 -9.164 15.178 -15.073 14.136 -0.698 0.349 -1.396
-6.428 7.660 -8.498 15.388 -14.476 14.865 -0.698 0.436 -1.396
-6.428 7.660 -9.164 15.178 -15.073 14.136 -0.698 0.349 -1.396
-6.428 7.660 -9.809 14.911 -15.604 13.358 -0.698 0.262 -1.396
-6.428 7.660 -10.428 14.589 -16.066 12.537 -0.698 0.175 -1.396
-6.428 7.660 -11.016 14.214 -16.454 11.678 -0.698 0.087 -1.396
-6.428 7.660 -11.570 13.789 -16.766 10.789 -0.698 -0.000 -1.396
-5.736 8.192 -10.324 14.745 -15.762 12.209 -0.611 -0.000 -1.396
-5.000 8.660 -9.000 15.588 -14.638 13.536 -0.524 -0.000 -1.396
-4.226 9.063 -7.607 16.314 -13.403 14.761 -0.436 -0.000 -1.396
-3.420 9.397 -6.156 16.914 -12.065 15.873 -0.349 -0.000 -1.396