#a1_X a1_Y a2_X a2_Y a3_X a3_Y j_1 j_2 j_3
0.000 10.000 0.000 18.000 -0.523 23.977 0.000 0.000 -0.087
0.000 10.000 0.000 18.000 -1.042 23.909 0.000 0.000 -0.175
0.000 10.000 0.000 18.000 -1.553 23.796 0.000 0.000 -0.262
0.000 10.000 0.000 18.000 -2.052 23.638 0.000 0.000 -0.349
0.000 10.000 0.000 18.000 -2.536 23.438 0.000 0.000 -0.436
0.000 10.000 0.000 18.000 -3.000 23.196 0.000 0.000 -0.524
0.000 10.000 -0.697 17.970 -4.139 22.884 0.000 -0.087 -0.524
0.000 10.000 -1.389 17.878 -5.246 22.475 0.000 -0.175 -0.524
0.000 10.000 -2.071 17.727 -6.313 21.970 0.000 -0.262 -0.524
0.000 10.000 -2.736 17.518 -7.332 21.374 0.000 -0.349 -0.524
0.000 10.000 -3.381 17.250 -8.296 20.692 0.000 -0.436 -0.524
0.000 10.000 -4.000 16.928 -9.196 19.928 0.000 -0.524 -0.524
0.000 10.000 -4.589 16.553 -10.026 19.089 0.000 -0.611 -0.524
0.000 10.000 -5.142 16.128 -10.780 18.180 0.000 -0.698 -0.524
0.000 10.000 -5.657 15.657 -11.452 17.210 0.000 -0.785 -0.524
0.000 10.000 -6.128 15.142 -12.037 16.184 0.000 -0.873 -0.524
0.000 10.000 -6.553 14.589 -12.530 15.112 0.000 -0.960 -0.524
0.000 10.000 -6.928 14.000 -12.928 14.000 0.000 -1.047 -0.524
0.000 10.000 -7.250 13.381 -13.228 12.858 0.000 -1.134 -0.524
0.000 10.000 -7.250 13.381 -13.250 13.381 0.000 -1.134 -0.436
0.000 10.000 -7.250 13.381 -13.228 13.904 0.000 -1.134 -0.349
0.000 10.000 -7.250 13.381 -13.159 14.423 0.000 -1.134 -0.262
0.000 10.000 -7.250 13.381 -13.046 14.934 0.000 -1.134 -0.175
0.000 10.000 -7.250 13.381 -12.889 15.433 0.000 -1.134 -0.087
0.000 10.000 -7.250 13.381 -12.688 15.917 0.000 -1.134 0.000
0.000 10.000 -7.250 13.381 -12.447 16.381 0.000 -1.134 0.087
0.000 10.000 -7.250 13.381 -12.165 16.822 0.000 -1.134 0.175
0.000 10.000 -7.250 13.381 -11.847 17.238 0.000 -1.134 0.262
0.000 10.000 -7.250 13.381 -11.493 17.624 0.000 -1.134 0.349
0.000 10.000 -7.250 13.381 -11.107 17.977 0.000 -1.134 0.436
0.000 10.000 -7.250 13.381 -10.692 18.296 0.000 -1.134 0.524
0.000 10.000 -7.250 13.381 -10.250 18.577 0.000 -1.134 0.611
0.000 10.000 -7.250 13.381 -9.786 18.819 0.000 -1.134 0.698
0.000 10.000 -7.250 13.381 -9.303 19.019 0.000 -1.134 0.785
0.000 10.000 -7.250 13.381 -8.803 19.177 0.000 -1.134 0.873
0.000 10.000 -7.518 12.736 -9.570 18.374 0.000 -1.222 0.873
0.000 10.000 -7.727 12.071 -10.263 17.508 0.000 -1.309 0.873
0.000 10.000 -7.878 11.389 -10.878 16.585 0.000 -1.396 0.873
0.000 10.000 -7.970 10.697 -11.411 15.612 0.000 -1.484 0.873
0.000 10.000 -7.878 11.389 -10.878 16.585 0.000 -1.396 0.873
0.000 10.000 -7.727 12.071 -10.263 17.508 0.000 -1.309 0.873
0.000 10.000 -7.518 12.736 -9.570 18.374 0.000 -1.222 0.873
0.000 10.000 -7.250 13.381 -8.803 19.177 0.000 -1.134 0.873
0.000 10.000 -6.928 14.000 -7.970 19.909 0.000 -1.047 0.873
0.000 10.000 -6.553 14.589 -7.076 20.566 0.000 -0.960 0.873
0.000 10.000 -6.128 15.142 -6.128 21.142 0.000 -0.873 0.873
0.000 10.000 -5.657 15.657 -5.134 21.634 0.000 -0.785 0.873
0.000 10.000 -5.142 16.128 -4.100 22.037 0.000 -0.698 0.873
0.000 10.000 -4.589 16.553 -3.036 22.349 0.000 -0.611 0.873
0.000 10.000 -4.000 16.928 -1.948 22.566 0.000 -0.524 0.873
0.000 10.000 -3.381 17.250 -0.845 22.688 0.000 -0.436 0.873
0.000 10.000 -4.000 16.928 -1.948 22.566 0.000 -0.524 0.873
0.000 10.000 -4.589 16.553 -3.036 22.349 0.000 -0.611 0.873
0.000 10.000 -5.142 16.128 -4.100 22.037 0.000 -0.698 0.873
0.000 10.000 -5.657 15.657 -5.134 21.634 0.000 -0.785 0.873
-0.872 9.962 -7.000 15.104 -7.000 21.104 -0.087 -0.785 0.873
-1.736 9.848 -8.290 14.437 -8.813 20.414 -0.175 -0.785 0.873
-2.588 9.659 -9.516 13.659 -10.558 19.568 -0.262 -0.785 0.873
-3.420 9.397 -10.671 12.778 -12.224 18.573 -0.349 -0.785 0.873
-4.226 9.063 -11.744 11.799 -13.796 17.437 -0.436 -0.785 0.873
-5.000 8.660 -12.727 10.731 -15.263 16.169 -0.524 -0.785 0.873
-5.736 8.192 -13.614 9.581 -16.614 14.777 -0.611 -0.785 0.873
-6.428 7.660 -14.397 8.358 -17.839 13.273 -0.698 -0.785 0.873
-6.428 7.660 -14.306 9.050 -17.306 14.246 -0.698 -0.698 0.873
-6.428 7.660 -14.155 9.731 -16.691 15.169 -0.698 -0.611 0.873
-6.428 7.660 -13.945 10.397 -15.998 16.035 -0.698 -0.524 0.873
-6.428 7.660 -13.678 11.041 -15.231 16.837 -0.698 -0.436 0.873
-6.428 7.660 -13.356 11.660 -14.398 17.569 -0.698 -0.349 0.873
-6.428 7.660 -12.981 12.249 -13.504 18.226 -0.698 -0.262 0.873
-6.428 7.660 -12.556 12.803 -12.556 18.803 -0.698 -0.175 0.873
-6.428 7.660 -12.085 13.317 -11.562 19.294 -0.698 -0.087 0.873
-6.428 7.660 -11.570 13.789 -10.528 19.698 -0.698 0.000 0.873
-6.428 7.660 -11.016 14.214 -9.464 20.009 -0.698 0.087 0.873
-6.428 7.660 -10.428 14.589 -8.376 20.227 -0.698 0.175 0.873
-5.736 8.192 -9.117 15.442 -6.581 20.880 -0.611 0.175 0.873
-5.000 8.660 -7.736 16.178 -4.736 21.374 -0.524 0.175 0.873
-4.226 9.063 -6.297 16.790 -2.855 21.705 -0.436 0.175 0.873
-4.226 9.063 -5.615 16.942 -1.759 21.538 -0.436 0.262 0.873
-4.226 9.063 -4.923 17.033 -0.681 21.275 -0.436 0.349 0.873
-4.226 9.063 -4.226 17.063 0.370 20.920 -0.436 0.436 0.873
-4.226 9.063 -3.529 17.033 1.386 20.474 -0.436 0.524 0.873
-4.226 9.063 -2.837 16.942 2.359 19.942 -0.436 0.611 0.873
-4.226 9.063 -2.156 16.790 3.282 19.326 -0.436 0.698 0.873
-4.226 9.063 -1.490 16.581 4.148 18.633 -0.436 0.785 0.873
-4.226 9.063 -0.845 16.314 4.950 17.866 -0.436 0.873 0.873
-4.226 9.063 -0.226 15.991 5.683 17.033 -0.436 0.960 0.873
-4.226 9.063 0.362 15.616 6.340 16.139 -0.436 1.047 0.873
-4.226 9.063 0.916 15.191 6.916 15.191 -0.436 1.134 0.873
-4.226 9.063 1.431 14.720 7.408 14.197 -0.436 1.222 0.873
-5.000 8.660 0.142 14.789 6.142 14.789 -0.524 1.222 0.873
-5.736 8.192 -1.147 14.745 4.830 15.268 -0.611 1.222 0.873
-6.428 7.660 -2.428 14.589 3.481 15.631 -0.698 1.222 0.873
-7.071 7.071 -3.690 14.322 2.105 15.874 -0.785 1.222 0.873
-7.660 6.428 -4.924 13.945 0.714 15.998 -0.873 1.222 0.873
-8.192 5.736 -6.121 13.463 -0.683 15.999 -0.960 1.222 0.873
-8.660 5.000 -7.271 12.878 -2.075 15.878 -1.047 1.222 0.873
-8.660 5.000 -7.271 12.878 -1.833 15.414 -1.047 1.222 0.960
-8.660 5.000 -7.271 12.878 -1.633 14.931 -1.047 1.222 1.047
-8.660 5.000 -7.271 12.878 -1.476 14.431 -1.047 1.222 1.134
-8.660 5.000 -7.271 12.878 -1.362 13.920 -1.047 1.222 1.222
-8.660 5.000 -7.271 12.878 -1.294 13.401 -1.047 1.222 1.309
-8.660 5.000 -7.271 12.878 -1.271 12.878 -1.047 1.222 1.396
-8.660 5.000 -6.590 12.727 -0.613 12.204 -1.047 1.309 1.396
-8.660 5.000 -5.924 12.518 -0.015 11.476 -1.047 1.396 1.396
-8.660 5.000 -5.279 12.250 0.516 10.698 -1.047 1.484 1.396
-8.660 5.000 -4.660 11.928 0.978 9.876 -1.047 1.571 1.396
-8.660 5.000 -4.072 11.553 1.366 9.018 -1.047 1.658 1.396
-8.660 5.000 -3.518 11.128 1.678 8.128 -1.047 1.745 1.396
-8.660 5.000 -3.003 10.657 1.912 7.215 -1.047 1.833 1.396
-8.660 5.000 -2.532 10.142 2.064 6.286 -1.047 1.920 1.396
-8.660 5.000 -2.107 9.589 2.136 5.346 -1.047 2.007 1.396
-8.660 5.000 -1.732 9.000 2.125 4.404 -1.047 2.094 1.396
-8.660 5.000 -1.732 9.000 1.709 4.085 -1.047 2.094 1.484
-8.660 5.000 -1.732 9.000 1.268 3.804 -1.047 2.094 1.571
-8.660 5.000 -1.732 9.000 1.709 4.085 -1.047 2.094 1.484
-8.660 5.000 -1.732 9.000 2.125 4.404 -1.047 2.094 1.396
-8.660 5.000 -1.732 9.000 2.511 4.757 -1.047 2.094 1.309
-8.660 5.000 -1.732 9.000 2.864 5.143 -1.047 2.094 1.222
-8.660 5.000 -1.732 9.000 3.183 5.559 -1.047 2.094 1.134
-8.660 5.000 -1.732 9.000 3.464 6.000 -1.047 2.094 1.047
-8.660 5.000 -1.732 9.000 3.706 6.464 -1.047 2.094 0.960
-8.660 5.000 -1.732 9.000 3.906 6.948 -1.047 2.094 0.873
-8.660 5.000 -1.732 9.000 4.064 7.447 -1.047 2.094 0.785
-8.660 5.000 -1.732 9.000 4.177 7.958 -1.047 2.094 0.698
-8.660 5.000 -1.732 9.000 4.245 8.477 -1.047 2.094 0.611
-8.660 5.000 -1.732 9.000 4.268 9.000 -1.047 2.094 0.524
-8.660 5.000 -1.732 9.000 4.245 9.523 -1.047 2.094 0.436
-8.660 5.000 -1.732 9.000 4.177 10.042 -1.047 2.094 0.349
-8.660 5.000 -1.732 9.000 4.064 10.553 -1.047 2.094 0.262
-8.660 5.000 -1.732 9.000 3.906 11.052 -1.047 2.094 0.175
-8.660 5.000 -1.732 9.000 3.706 11.536 -1.047 2.094 0.087
-9.063 4.226 -2.510 8.815 2.686 11.815 -1.134 2.094 0.087
-9.397 3.420 -3.269 8.563 1.646 12.004 -1.222 2.094 0.087
-9.659 2.588 -4.002 8.245 0.594 12.102 -1.309 2.094 0.087
-9.848 1.736 -4.706 7.865 -0.463 12.107 -1.396 2.094 0.087
-9.962 0.872 -5.373 7.425 -1.517 12.021 -1.484 2.094 0.087
-10.000 0.000 -6.000 6.928 -2.559 11.843 -1.571 2.094 0.087
-9.962 0.872 -5.373 7.425 -1.517 12.021 -1.484 2.094 0.087
-9.848 1.736 -4.706 7.865 -0.463 12.107 -1.396 2.094 0.087
-9.659 2.588 -4.002 8.245 0.594 12.102 -1.309 2.094 0.087
-9.659 2.588 -4.517 8.717 -0.274 12.959 -1.309 2.007 0.087
-9.659 2.588 -5.071 9.141 -1.214 13.738 -1.309 1.920 0.087
-9.659 2.588 -5.659 9.516 -2.218 14.431 -1.309 1.833 0.087
-9.659 2.588 -6.278 9.839 -3.278 15.035 -1.309 1.745 0.087
-9.659 2.588 -6.923 10.106 -4.387 15.544 -1.309 1.658 0.087
-9.659 2.588 -7.589 10.316 -5.537 15.954 -1.309 1.571 0.087
-9.659 2.588 -8.270 10.467 -6.717 16.262 -1.309 1.484 0.087
-9.659 2.588 -7.589 10.316 -5.537 15.954 -1.309 1.571 0.087
-9.659 2.588 -6.923 10.106 -4.387 15.544 -1.309 1.658 0.087
-9.659 2.588 -6.278 9.839 -3.278 15.035 -1.309 1.745 0.087
-9.659 2.588 -5.659 9.516 -2.218 14.431 -1.309 1.833 0.087
-9.659 2.588 -5.071 9.141 -1.214 13.738 -1.309 1.920 0.087
-9.659 2.588 -4.517 8.717 -0.274 12.959 -1.309 2.007 0.087
-9.659 2.588 -4.002 8.245 0.594 12.102 -1.309 2.094 0.087