#a1_X a1_Y a2_X a2_Y a3_X a3_Y j_1 j_2 j_3
0.872 9.962 1.569 17.932 2.092 23.909 0.087 0.000 0.000
0.872 9.962 2.261 17.840 3.303 23.749 0.087 0.087 0.000
0.872 9.962 2.942 17.689 4.495 23.485 0.087 0.175 0.000
0.000 10.000 1.389 17.878 2.431 23.787 0.000 0.175 0.000
-0.872 9.962 -0.174 17.932 0.349 23.909 -0.087 0.175 0.000
-1.736 9.848 -1.736 17.848 -1.736 23.848 -0.175 0.175 0.000
-2.588 9.659 -3.285 17.629 -3.808 23.606 -0.262 0.175 0.000
-3.420 9.397 -4.809 17.275 -5.851 23.184 -0.349 0.175 0.000
-3.420 9.397 -4.809 17.275 -5.332 23.253 -0.349 0.175 0.087
-3.420 9.397 -4.809 17.275 -4.809 23.275 -0.349 0.175 0.175
-3.420 9.397 -4.809 17.275 -4.286 23.253 -0.349 0.175 0.262
-3.420 9.397 -4.809 17.275 -3.767 23.184 -0.349 0.175 0.349
-3.420 9.397 -4.809 17.275 -3.256 23.071 -0.349 0.175 0.436
-3.420 9.397 -4.809 17.275 -2.757 22.914 -0.349 0.175 0.524
-3.420 9.397 -4.809 17.275 -2.274 22.713 -0.349 0.175 0.611
-3.420 9.397 -4.809 17.275 -1.809 22.472 -0.349 0.175 0.698
-3.420 9.397 -4.809 17.275 -1.368 22.190 -0.349 0.175 0.785
-3.420 9.397 -4.809 17.275 -0.953 21.872 -0.349 0.175 0.873
-3.420 9.397 -4.809 17.275 -0.567 21.518 -0.349 0.175 0.960
-3.420 9.397 -4.809 17.275 -0.213 21.132 -0.349 0.175 1.047
-4.226 9.063 -6.297 16.790 -2.054 21.033 -0.436 0.175 1.047
-5.000 8.660 -7.736 16.178 -3.879 20.774 -0.524 0.175 1.047
-5.736 8.192 -9.117 15.442 -5.675 20.357 -0.611 0.175 1.047
-6.428 7.660 -10.428 14.589 -7.428 19.785 -0.698 0.175 1.047
-7.071 7.071 -11.660 13.624 -9.124 19.062 -0.785 0.175 1.047
-7.660 6.428 -12.803 12.556 -10.751 18.194 -0.873 0.175 1.047
-7.660 6.428 -12.803 12.556 -11.250 18.352 -0.873 0.175 0.960
-7.660 6.428 -12.803 12.556 -11.761 18.465 -0.873 0.175 0.873
-7.660 6.428 -12.803 12.556 -12.280 18.533 -0.873 0.175 0.785
-7.660 6.428 -12.803 12.556 -12.803 18.556 -0.873 0.175 0.698
-7.660 6.428 -12.803 12.556 -13.326 18.533 -0.873 0.175 0.611
-7.660 6.428 -12.803 12.556 -13.845 18.465 -0.873 0.175 0.524
-7.660 6.428 -12.249 12.981 -12.772 18.958 -0.873 0.262 0.524
-7.660 6.428 -11.660 13.356 -11.660 19.356 -0.873 0.349 0.524
-7.660 6.428 -11.041 13.678 -10.518 19.656 -0.873 0.436 0.524
-7.660 6.428 -10.397 13.945 -9.355 19.854 -0.873 0.524 0.524
-7.660 6.428 -9.731 14.155 -8.178 19.951 -0.873 0.611 0.524
-7.660 6.428 -9.050 14.306 -6.998 19.944 -0.873 0.698 0.524
-7.660 6.428 -8.358 14.397 -5.822 19.835 -0.873 0.785 0.524
-7.660 6.428 -7.660 14.428 -4.660 19.624 -0.873 0.873 0.524
-7.660 6.428 -6.963 14.397 -3.522 19.312 -0.873 0.960 0.524
-7.660 6.428 -6.271 14.306 -2.415 18.903 -0.873 1.047 0.524
-7.660 6.428 -5.590 14.155 -1.347 18.398 -0.873 1.134 0.524
-7.660 6.428 -4.924 13.945 -0.328 17.802 -0.873 1.222 0.524
-7.660 6.428 -4.279 13.678 0.635 17.120 -0.873 1.309 0.524
-7.660 6.428 -3.660 13.356 1.536 16.356 -0.873 1.396 0.524
-7.660 6.428 -3.072 12.981 2.366 15.517 -0.873 1.484 0.524
-7.660 6.428 -2.518 12.556 3.120 14.608 -0.873 1.571 0.524
-8.192 5.736 -3.603 12.289 1.835 14.825 -0.960 1.571 0.524
-8.660 5.000 -4.660 11.928 0.536 14.928 -1.047 1.571 0.524
-9.063 4.226 -5.682 11.477 -0.767 14.918 -1.134 1.571 0.524
-9.397 3.420 -6.661 10.938 -2.064 14.794 -1.222 1.571 0.524
-9.659 2.588 -7.589 10.316 -3.346 14.558 -1.309 1.571 0.524
-9.848 1.736 -8.459 9.615 -4.602 14.211 -1.396 1.571 0.524
-9.962 0.872 -9.265 8.841 -5.823 13.756 -1.484 1.571 0.524
-10.000 0.000 -10.000 8.000 -7.000 13.196 -1.571 1.571 0.524
-10.000 0.000 -10.697 7.970 -8.162 13.407 -1.571 1.484 0.524
-10.000 0.000 -11.389 7.878 -9.337 13.517 -1.571 1.396 0.524
-10.000 0.000 -12.071 7.727 -10.518 13.523 -1.571 1.309 0.524
-10.000 0.000 -12.736 7.518 -11.694 13.426 -1.571 1.222 0.524
-10.000 0.000 -13.381 7.250 -12.858 13.228 -1.571 1.134 0.524
-10.000 0.000 -14.000 6.928 -14.000 12.928 -1.571 1.047 0.524
-10.000 0.000 -14.000 6.928 -14.523 12.905 -1.571 1.047 0.436
-10.000 0.000 -14.000 6.928 -15.042 12.837 -1.571 1.047 0.349
-10.000 0.000 -14.000 6.928 -15.553 12.724 -1.571 1.047 0.262
-10.000 0.000 -14.000 6.928 -16.052 12.566 -1.571 1.047 0.175
-10.000 0.000 -14.000 6.928 -16.536 12.366 -1.571 1.047 0.087
-10.000 0.000 -14.000 6.928 -17.000 12.124 -1.571 1.047 -0.000
-10.000 0.000 -14.000 6.928 -16.536 12.366 -1.571 1.047 0.087
-10.000 0.000 -14.000 6.928 -16.052 12.566 -1.571 1.047 0.175
-10.000 0.000 -14.000 6.928 -15.553 12.724 -1.571 1.047 0.262
-10.000 0.000 -14.000 6.928 -15.042 12.837 -1.571 1.047 0.349
-9.962 0.872 -13.343 8.122 -13.866 14.099 -1.484 1.047 0.349
-9.848 1.736 -12.584 9.254 -12.584 15.254 -1.396 1.047 0.349
-9.659 2.588 -11.730 10.316 -11.207 16.293 -1.309 1.047 0.349