#a1_X a1_Y a2_X a2_Y a3_X a3_Y j_1 j_2 j_3
0.000 10.000 0.000 18.000 0.523 23.977 0.000 0.000 0.087
0.000 10.000 0.000 18.000 1.042 23.909 0.000 0.000 0.175
0.000 10.000 0.000 18.000 1.553 23.796 0.000 0.000 0.262
0.000 10.000 0.000 18.000 2.052 23.638 0.000 0.000 0.349
0.000 10.000 0.000 18.000 2.536 23.438 0.000 0.000 0.436
0.000 10.000 0.000 18.000 3.000 23.196 0.000 0.000 0.524
0.000 10.000 0.000 18.000 3.441 22.915 0.000 0.000 0.611
0.000 10.000 0.000 18.000 3.857 22.596 0.000 0.000 0.698
0.000 10.000 0.000 18.000 4.243 22.243 0.000 0.000 0.785
0.000 10.000 0.000 18.000 4.596 21.857 0.000 0.000 0.873
0.000 10.000 0.000 18.000 4.915 21.441 0.000 0.000 0.960
0.000 10.000 0.000 18.000 5.196 21.000 0.000 0.000 1.047
0.000 10.000 0.000 18.000 5.438 20.536 0.000 0.000 1.134
0.000 10.000 0.000 18.000 5.638 20.052 0.000 0.000 1.222
0.000 10.000 0.000 18.000 5.796 19.553 0.000 0.000 1.309
0.000 10.000 0.000 18.000 5.909 19.042 0.000 0.000 1.396
0.000 10.000 0.000 18.000 5.977 18.523 0.000 0.000 1.484
0.000 10.000 0.000 18.000 6.000 18.000 0.000 0.000 1.571
-0.872 9.962 -1.569 17.932 4.408 18.454 -0.087 0.000 1.571
-1.736 9.848 -3.126 17.727 2.783 18.768 -0.175 0.000 1.571
-2.588 9.659 -4.659 17.387 1.137 18.940 -0.262 0.000 1.571
-3.420 9.397 -6.156 16.914 -0.518 18.967 -0.349 0.000 1.571
-2.588 9.659 -4.659 17.387 1.137 18.940 -0.262 0.000 1.571
-1.736 9.848 -3.126 17.727 2.783 18.768 -0.175 0.000 1.571
-0.872 9.962 -1.569 17.932 4.408 18.454 -0.087 0.000 1.571
0.000 10.000 0.000 18.000 6.000 18.000 0.000 0.000 1.571
0.872 9.962 1.569 17.932 7.546 17.409 0.087 0.000 1.571
0.872 9.962 2.261 17.840 8.170 16.799 0.087 0.087 1.571
0.872 9.962 2.942 17.689 8.738 16.136 0.087 0.175 1.571
0.000 10.000 1.389 17.878 7.298 16.837 0.000 0.175 1.571
-0.872 9.962 -0.174 17.932 5.803 17.409 -0.087 0.175 1.571
-1.736 9.848 -1.736 17.848 4.264 17.848 -0.175 0.175 1.571
-2.588 9.659 -3.285 17.629 2.692 18.152 -0.262 0.175 1.571
-3.420 9.397 -4.809 17.275 1.099 18.317 -0.349 0.175 1.571
-4.226 9.063 -6.297 16.790 -0.501 18.343 -0.436 0.175 1.571
-5.000 8.660 -7.736 16.178 -2.098 18.230 -0.524 0.175 1.571
-5.736 8.192 -9.117 15.442 -3.679 17.978 -0.611 0.175 1.571
-6.428 7.660 -10.428 14.589 -5.232 17.589 -0.698 0.175 1.571
-7.071 7.071 -11.660 13.624 -6.745 17.066 -0.785 0.175 1.571
-7.660 6.428 -12.803 12.556 -8.206 16.413 -0.873 0.175 1.571
-8.192 5.736 -13.848 11.393 -9.606 15.635 -0.960 0.175 1.571
-8.660 5.000 -14.789 10.142 -10.932 14.739 -1.047 0.175 1.571
-9.063 4.226 -15.616 8.815 -12.175 13.730 -1.134 0.175 1.571