#a1_X a1_Y a2_X a2_Y a3_X a3_Y j_1 j_2 j_3
0.000 10.000 0.000 18.000 0.523 23.977 0.000 0.000 0.087
0.000 10.000 0.000 18.000 1.042 23.909 0.000 0.000 0.175
0.000 10.000 0.000 18.000 1.553 23.796 0.000 0.000 0.262
0.000 10.000 0.000 18.000 2.052 23.638 0.000 0.000 0.349
0.872 9.962 1.569 17.932 4.105 23.369 0.087 0.000 0.349
0.872 9.962 0.872 17.962 2.924 23.600 0.087 -0.087 0.349
0.872 9.962 0.174 17.932 1.727 23.727 0.087 -0.175 0.349
0.872 9.962 -0.518 17.840 0.524 23.749 0.087 -0.262 0.349
0.872 9.962 -1.199 17.689 -0.676 23.667 0.087 -0.349 0.349
0.872 9.962 -1.865 17.479 -1.865 23.479 0.087 -0.436 0.349
0.872 9.962 -2.509 17.212 -3.032 23.190 0.087 -0.524 0.349
0.872 9.962 -3.128 16.890 -4.170 22.799 0.087 -0.611 0.349
0.872 9.962 -3.717 16.515 -5.270 22.311 0.087 -0.698 0.349
0.872 9.962 -4.271 16.090 -6.323 21.728 0.087 -0.785 0.349
0.872 9.962 -4.785 15.619 -7.321 21.057 0.087 -0.873 0.349
0.872 9.962 -5.257 15.104 -8.257 20.300 0.087 -0.960 0.349
0.872 9.962 -5.682 14.551 -9.123 19.465 0.087 -1.047 0.349
0.872 9.962 -6.057 13.962 -9.913 18.558 0.087 -1.134 0.349
0.872 9.962 -6.379 13.343 -10.622 17.586 0.087 -1.222 0.349
0.872 9.962 -6.646 12.698 -11.242 16.555 0.087 -1.309 0.349
0.872 9.962 -6.856 12.032 -11.771 15.474 0.087 -1.396 0.349
0.872 9.962 -7.007 11.351 -12.203 14.351 0.087 -1.484 0.349
0.872 9.962 -7.098 10.659 -12.536 13.195 0.087 -1.571 0.349
0.000 10.000 -8.000 10.000 -13.638 12.052 0.000 -1.571 0.349
-0.872 9.962 -8.841 9.265 -14.637 10.818 -0.087 -1.571 0.349
-1.736 9.848 -9.615 8.459 -15.524 9.501 -0.175 -1.571 0.349
-1.736 9.848 -9.615 8.459 -15.592 8.982 -0.175 -1.571 0.262
-1.736 9.848 -9.615 8.459 -15.615 8.459 -0.175 -1.571 0.175
-1.736 9.848 -9.615 8.459 -15.592 7.936 -0.175 -1.571 0.087
-1.736 9.848 -9.615 8.459 -15.524 7.417 -0.175 -1.571 -0.000
-1.736 9.848 -9.706 9.151 -15.683 8.628 -0.175 -1.484 -0.000
-1.736 9.848 -9.736 9.848 -15.736 9.848 -0.175 -1.396 -0.000
-1.736 9.848 -9.706 10.545 -15.683 11.068 -0.175 -1.309 -0.000
-1.736 9.848 -9.615 11.237 -15.524 12.279 -0.175 -1.222 -0.000
-1.736 9.848 -9.464 11.919 -15.259 13.472 -0.175 -1.134 -0.000
-1.736 9.848 -9.254 12.584 -14.892 14.636 -0.175 -1.047 -0.000
-1.736 9.848 -8.987 13.229 -14.425 15.765 -0.175 -0.960 -0.000
-1.736 9.848 -8.665 13.848 -13.861 16.848 -0.175 -0.873 -0.000
-1.736 9.848 -8.290 14.437 -13.205 17.878 -0.175 -0.785 -0.000
-1.736 9.848 -7.865 14.990 -12.461 18.847 -0.175 -0.698 -0.000
-1.736 9.848 -7.393 15.505 -11.636 19.748 -0.175 -0.611 -0.000
-1.736 9.848 -6.879 15.976 -10.736 20.573 -0.175 -0.524 -0.000
-1.736 9.848 -6.879 15.976 -11.121 20.219 -0.175 -0.524 -0.087
-1.736 9.848 -6.879 15.976 -11.475 19.833 -0.175 -0.524 -0.175
-1.736 9.848 -6.879 15.976 -11.794 19.418 -0.175 -0.524 -0.262
-1.736 9.848 -6.879 15.976 -12.075 18.976 -0.175 -0.524 -0.349
-1.736 9.848 -6.879 15.976 -12.317 18.512 -0.175 -0.524 -0.436
-1.736 9.848 -6.879 15.976 -12.075 18.976 -0.175 -0.524 -0.349
-1.736 9.848 -6.879 15.976 -11.794 19.418 -0.175 -0.524 -0.262
-1.736 9.848 -6.879 15.976 -11.475 19.833 -0.175 -0.524 -0.175
-1.736 9.848 -6.879 15.976 -11.121 20.219 -0.175 -0.524 -0.087
-1.736 9.848 -6.879 15.976 -10.736 20.573 -0.175 -0.524 -0.000
-1.736 9.848 -6.879 15.976 -10.320 20.891 -0.175 -0.524 0.087
-1.736 9.848 -6.879 15.976 -9.879 21.173 -0.175 -0.524 0.175
-1.736 9.848 -6.879 15.976 -9.414 21.414 -0.175 -0.524 0.262
-1.736 9.848 -6.879 15.976 -8.931 21.615 -0.175 -0.524 0.349
-1.736 9.848 -6.879 15.976 -8.432 21.772 -0.175 -0.524 0.436
-1.736 9.848 -6.879 15.976 -7.921 21.885 -0.175 -0.524 0.524
-1.736 9.848 -6.879 15.976 -7.402 21.954 -0.175 -0.524 0.611
-1.736 9.848 -6.879 15.976 -6.879 21.976 -0.175 -0.524 0.698
-1.736 9.848 -6.879 15.976 -6.356 21.954 -0.175 -0.524 0.785
-1.736 9.848 -6.879 15.976 -5.837 21.885 -0.175 -0.524 0.873
-1.736 9.848 -6.879 15.976 -5.326 21.772 -0.175 -0.524 0.960
-2.588 9.659 -8.245 15.316 -7.203 21.225 -0.262 -0.524 0.960
-3.420 9.397 -9.549 14.539 -9.026 20.516 -0.349 -0.524 0.960
-4.226 9.063 -10.779 13.652 -10.779 19.652 -0.436 -0.524 0.960
-5.000 8.660 -11.928 12.660 -12.451 18.637 -0.524 -0.524 0.960
-5.736 8.192 -12.986 11.572 -14.028 17.481 -0.611 -0.524 0.960
-6.428 7.660 -13.945 10.397 -15.498 16.192 -0.698 -0.524 0.960
-7.071 7.071 -14.798 9.142 -16.851 14.780 -0.785 -0.524 0.960
-7.071 7.071 -14.589 9.807 -16.142 15.603 -0.785 -0.436 0.960
-7.071 7.071 -14.322 10.452 -15.363 16.361 -0.785 -0.349 0.960
-7.071 7.071 -13.999 11.071 -14.522 17.048 -0.785 -0.262 0.960
-7.071 7.071 -13.999 11.071 -13.999 17.071 -0.785 -0.262 1.047
-7.071 7.071 -13.999 11.071 -13.476 17.048 -0.785 -0.262 1.134
-7.071 7.071 -13.999 11.071 -12.957 16.980 -0.785 -0.262 1.222
-7.071 7.071 -13.999 11.071 -12.446 16.867 -0.785 -0.262 1.309
-7.071 7.071 -13.999 11.071 -11.947 16.709 -0.785 -0.262 1.396
-7.660 6.428 -14.911 9.809 -13.358 15.604 -0.873 -0.262 1.396
-8.192 5.736 -15.709 8.472 -14.667 14.381 -0.960 -0.262 1.396
-8.192 5.736 -15.709 8.472 -14.156 14.267 -0.960 -0.262 1.484
-8.192 5.736 -15.709 8.472 -13.657 14.110 -0.960 -0.262 1.571