#a1_X a1_Y a2_X a2_Y a3_X a3_Y j_1 j_2 j_3
0.000 10.000 0.000 18.000 -0.523 23.977 0.000 0.000 -0.087
0.000 10.000 0.000 18.000 -1.042 23.909 0.000 0.000 -0.175
0.000 10.000 0.000 18.000 -1.553 23.796 0.000 0.000 -0.262
0.000 10.000 0.000 18.000 -2.052 23.638 0.000 0.000 -0.349
0.000 10.000 0.000 18.000 -2.536 23.438 0.000 0.000 -0.436
0.000 10.000 0.000 18.000 -3.000 23.196 0.000 0.000 -0.524
0.000 10.000 0.000 18.000 -3.441 22.915 0.000 0.000 -0.611
0.000 10.000 0.000 18.000 -3.857 22.596 0.000 0.000 -0.698
0.000 10.000 0.000 18.000 -4.243 22.243 0.000 0.000 -0.785
0.000 10.000 0.000 18.000 -4.596 21.857 0.000 0.000 -0.873
0.000 10.000 0.000 18.000 -4.915 21.441 0.000 0.000 -0.960
0.000 10.000 0.000 18.000 -5.196 21.000 0.000 0.000 -1.047
0.000 10.000 0.000 18.000 -5.438 20.536 0.000 0.000 -1.134
-0.872 9.962 -1.569 17.932 -7.207 19.984 -0.087 0.000 -1.134
-1.736 9.848 -3.126 17.727 -8.921 19.279 -0.175 0.000 -1.134
-2.588 9.659 -4.659 17.387 -10.568 18.429 -0.262 0.000 -1.134
-3.420 9.397 -6.156 16.914 -12.134 17.437 -0.349 0.000 -1.134
-4.226 9.063 -7.607 16.314 -13.607 16.314 -0.436 0.000 -1.134
-5.000 8.660 -9.000 15.588 -14.977 15.066 -0.524 0.000 -1.134
-5.736 8.192 -10.324 14.745 -16.233 13.703 -0.611 0.000 -1.134
-6.428 7.660 -11.570 13.789 -17.366 12.236 -0.698 0.000 -1.134
-7.071 7.071 -12.728 12.728 -18.366 10.676 -0.785 0.000 -1.134
-7.071 7.071 -12.728 12.728 -18.166 10.192 -0.785 0.000 -1.222
-6.428 7.660 -11.570 13.789 -17.208 11.737 -0.698 0.000 -1.222
-5.736 8.192 -10.324 14.745 -16.120 13.192 -0.611 0.000 -1.222
-5.000 8.660 -9.000 15.588 -14.909 14.547 -0.524 0.000 -1.222
-4.226 9.063 -7.607 16.314 -13.584 15.791 -0.436 0.000 -1.222
-3.420 9.397 -6.156 16.914 -12.156 16.914 -0.349 0.000 -1.222
-2.588 9.659 -4.659 17.387 -10.636 17.910 -0.262 0.000 -1.222
-1.736 9.848 -3.126 17.727 -9.035 18.768 -0.175 0.000 -1.222
-2.588 9.659 -4.659 17.387 -10.636 17.910 -0.262 0.000 -1.222
-3.420 9.397 -6.156 16.914 -12.156 16.914 -0.349 0.000 -1.222
-4.226 9.063 -7.607 16.314 -13.584 15.791 -0.436 0.000 -1.222
-5.000 8.660 -9.000 15.588 -14.909 14.547 -0.524 0.000 -1.222
-5.000 8.660 -9.589 15.213 -15.384 13.661 -0.524 -0.087 -1.222
-5.000 8.660 -10.142 14.789 -15.780 12.736 -0.524 -0.175 -1.222
-5.000 8.660 -10.657 14.317 -16.095 11.781 -0.524 -0.262 -1.222
-5.000 8.660 -11.128 13.803 -16.325 10.803 -0.524 -0.349 -1.222
-5.000 8.660 -11.128 13.803 -16.043 10.361 -0.524 -0.349 -1.309
-5.000 8.660 -11.128 13.803 -15.725 9.946 -0.524 -0.349 -1.396
-5.000 8.660 -11.128 13.803 -15.371 9.560 -0.524 -0.349 -1.484
-5.000 8.660 -11.128 13.803 -15.725 9.946 -0.524 -0.349 -1.396
-5.000 8.660 -11.128 13.803 -16.043 10.361 -0.524 -0.349 -1.309
-5.000 8.660 -11.128 13.803 -16.325 10.803 -0.524 -0.349 -1.222
-5.000 8.660 -11.128 13.803 -16.566 11.267 -0.524 -0.349 -1.134
-5.000 8.660 -11.128 13.803 -16.767 11.750 -0.524 -0.349 -1.047
-5.000 8.660 -11.128 13.803 -16.566 11.267 -0.524 -0.349 -1.134
-5.000 8.660 -11.128 13.803 -16.325 10.803 -0.524 -0.349 -1.222
-5.000 8.660 -11.128 13.803 -16.043 10.361 -0.524 -0.349 -1.309
-5.000 8.660 -11.128 13.803 -15.725 9.946 -0.524 -0.349 -1.396
-5.000 8.660 -10.657 14.317 -15.572 10.876 -0.524 -0.262 -1.396
-5.000 8.660 -10.142 14.789 -15.338 11.789 -0.524 -0.175 -1.396
-5.000 8.660 -9.589 15.213 -15.026 12.678 -0.524 -0.087 -1.396
-5.000 8.660 -9.000 15.588 -14.638 13.536 -0.524 0.000 -1.396
-5.000 8.660 -8.381 15.911 -14.177 14.358 -0.524 0.087 -1.396
-5.000 8.660 -8.381 15.911 -14.290 14.869 -0.524 0.087 -1.309
-5.000 8.660 -8.381 15.911 -14.358 15.388 -0.524 0.087 -1.222
-5.000 8.660 -8.381 15.911 -14.381 15.911 -0.524 0.087 -1.134
-5.000 8.660 -8.381 15.911 -14.358 16.434 -0.524 0.087 -1.047
-5.000 8.660 -8.381 15.911 -14.290 16.953 -0.524 0.087 -0.960
-5.000 8.660 -8.381 15.911 -14.177 17.464 -0.524 0.087 -0.873
-5.000 8.660 -8.381 15.911 -14.019 17.963 -0.524 0.087 -0.785
-5.000 8.660 -8.381 15.911 -14.177 17.464 -0.524 0.087 -0.873
-5.000 8.660 -8.381 15.911 -14.290 16.953 -0.524 0.087 -0.960
-5.000 8.660 -8.381 15.911 -14.358 16.434 -0.524 0.087 -1.047
-5.000 8.660 -8.381 15.911 -14.381 15.911 -0.524 0.087 -1.134
-5.000 8.660 -8.381 15.911 -14.358 16.434 -0.524 0.087 -1.047
-5.000 8.660 -8.381 15.911 -14.290 16.953 -0.524 0.087 -0.960
-5.000 8.660 -8.381 15.911 -14.177 17.464 -0.524 0.087 -0.873
-5.000 8.660 -8.381 15.911 -14.019 17.963 -0.524 0.087 -0.785
-5.000 8.660 -8.381 15.911 -13.819 18.446 -0.524 0.087 -0.698
-5.000 8.660 -7.736 16.178 -12.932 19.178 -0.524 0.175 -0.698
-5.000 8.660 -7.071 16.388 -11.985 19.829 -0.524 0.262 -0.698
-5.000 8.660 -6.389 16.539 -10.985 20.395 -0.524 0.349 -0.698
-5.000 8.660 -5.697 16.630 -9.940 20.872 -0.524 0.436 -0.698
-5.000 8.660 -5.000 16.660 -8.857 21.257 -0.524 0.524 -0.698
-5.000 8.660 -4.303 16.630 -7.744 21.545 -0.524 0.611 -0.698
-5.000 8.660 -3.611 16.539 -6.611 21.735 -0.524 0.698 -0.698
-5.000 8.660 -2.929 16.388 -5.465 21.826 -0.524 0.785 -0.698
-5.000 8.660 -2.264 16.178 -4.316 21.816 -0.524 0.873 -0.698
-5.000 8.660 -1.619 15.911 -3.172 21.706 -0.524 0.960 -0.698
-5.000 8.660 -1.000 15.588 -2.042 21.497 -0.524 1.047 -0.698
-5.000 8.660 -1.000 15.588 -2.553 21.384 -0.524 1.047 -0.785
-5.000 8.660 -1.000 15.588 -3.052 21.227 -0.524 1.047 -0.873
-5.000 8.660 -1.000 15.588 -3.536 21.026 -0.524 1.047 -0.960
-5.000 8.660 -1.000 15.588 -4.000 20.785 -0.524 1.047 -1.047
-5.000 8.660 -1.000 15.588 -3.536 21.026 -0.524 1.047 -0.960
-5.000 8.660 -1.000 15.588 -3.052 21.227 -0.524 1.047 -0.873
-5.000 8.660 -1.000 15.588 -2.553 21.384 -0.524 1.047 -0.785
-5.000 8.660 -1.000 15.588 -2.042 21.497 -0.524 1.047 -0.698
-5.000 8.660 -1.000 15.588 -1.523 21.566 -0.524 1.047 -0.611
-5.000 8.660 -1.000 15.588 -1.000 21.588 -0.524 1.047 -0.524
-5.000 8.660 -0.411 15.213 0.112 21.191 -0.524 1.134 -0.524
-5.000 8.660 0.142 14.789 1.184 20.697 -0.524 1.222 -0.524
-5.000 8.660 0.657 14.317 2.210 20.113 -0.524 1.309 -0.524
-5.000 8.660 1.128 13.803 3.180 19.441 -0.524 1.396 -0.524
-5.000 8.660 1.553 13.249 4.089 18.687 -0.524 1.484 -0.524
-5.000 8.660 1.128 13.803 3.180 19.441 -0.524 1.396 -0.524
-5.000 8.660 0.657 14.317 2.210 20.113 -0.524 1.309 -0.524
-5.000 8.660 0.142 14.789 1.184 20.697 -0.524 1.222 -0.524
-4.226 9.063 1.431 14.720 2.984 20.515 -0.436 1.222 -0.524
-5.000 8.660 0.142 14.789 1.184 20.697 -0.524 1.222 -0.524
-5.736 8.192 -1.147 14.745 -0.624 20.722 -0.611 1.222 -0.524
-6.428 7.660 -2.428 14.589 -2.428 20.589 -0.698 1.222 -0.524
-7.071 7.071 -3.690 14.322 -4.213 20.299 -0.785 1.222 -0.524
-7.660 6.428 -4.924 13.945 -5.966 19.854 -0.873 1.222 -0.524
-8.192 5.736 -6.121 13.463 -7.674 19.259 -0.960 1.222 -0.524
-8.660 5.000 -7.271 12.878 -9.323 18.517 -1.047 1.222 -0.524
-9.063 4.226 -8.366 12.196 -10.902 17.634 -1.134 1.222 -0.524
-9.397 3.420 -9.397 11.420 -12.397 16.616 -1.222 1.222 -0.524
-9.397 3.420 -10.094 11.390 -13.536 16.305 -1.222 1.134 -0.524
-9.397 3.420 -10.786 11.299 -14.643 15.895 -1.222 1.047 -0.524
-9.397 3.420 -11.467 11.148 -15.710 15.390 -1.222 0.960 -0.524
-9.397 3.420 -12.133 10.938 -16.729 14.794 -1.222 0.873 -0.524
-9.397 3.420 -12.778 10.671 -17.693 14.112 -1.222 0.785 -0.524
-9.397 3.420 -13.397 10.348 -18.593 13.348 -1.222 0.698 -0.524
-9.397 3.420 -13.986 9.973 -19.423 12.509 -1.222 0.611 -0.524