#a1_X a1_Y a2_X a2_Y a3_X a3_Y j_1 j_2 j_3
0.000 10.000 0.000 18.000 0.523 23.977 0.000 0.000 0.087
0.000 10.000 0.000 18.000 1.042 23.909 0.000 0.000 0.175
0.000 10.000 0.000 18.000 1.553 23.796 0.000 0.000 0.262
0.000 10.000 0.000 18.000 2.052 23.638 0.000 0.000 0.349
0.000 10.000 -0.697 17.970 0.856 23.765 0.000 -0.087 0.349
0.000 10.000 -1.389 17.878 -0.347 23.787 0.000 -0.175 0.349
0.000 10.000 -2.071 17.727 -1.548 23.705 0.000 -0.262 0.349
0.000 10.000 -2.736 17.518 -2.736 23.518 0.000 -0.349 0.349
0.000 10.000 -3.381 17.250 -3.904 23.228 0.000 -0.436 0.349
0.000 10.000 -4.000 16.928 -5.042 22.837 0.000 -0.524 0.349
0.000 10.000 -4.589 16.553 -6.142 22.349 0.000 -0.611 0.349
0.872 9.962 -3.128 16.890 -4.170 22.799 0.087 -0.611 0.349
1.736 9.848 -1.644 17.099 -2.167 23.076 0.175 -0.611 0.349
2.588 9.659 -0.148 17.177 -0.148 23.177 0.262 -0.611 0.349
2.588 9.659 -0.148 17.177 -0.671 23.154 0.262 -0.611 0.262
2.588 9.659 -0.148 17.177 -1.190 23.086 0.262 -0.611 0.175
2.588 9.659 -0.148 17.177 -1.701 22.972 0.262 -0.611 0.087
2.588 9.659 -0.148 17.177 -2.200 22.815 0.262 -0.611 -0.000
2.588 9.659 -0.148 17.177 -2.684 22.615 0.262 -0.611 -0.087
2.588 9.659 -0.148 17.177 -3.148 22.373 0.262 -0.611 -0.175
2.588 9.659 -0.148 17.177 -3.589 22.092 0.262 -0.611 -0.262
2.588 9.659 -0.148 17.177 -4.005 21.773 0.262 -0.611 -0.349
2.588 9.659 -0.148 17.177 -4.391 21.419 0.262 -0.611 -0.436
2.588 9.659 -0.148 17.177 -4.744 21.034 0.262 -0.611 -0.524
2.588 9.659 -0.148 17.177 -5.063 20.618 0.262 -0.611 -0.611
2.588 9.659 -0.148 17.177 -5.344 20.177 0.262 -0.611 -0.698
2.588 9.659 -0.148 17.177 -5.586 19.713 0.262 -0.611 -0.785
2.588 9.659 -0.148 17.177 -5.786 19.229 0.262 -0.611 -0.873
2.588 9.659 -0.148 17.177 -5.944 18.730 0.262 -0.611 -0.960
2.588 9.659 -0.148 17.177 -6.057 18.219 0.262 -0.611 -1.047
2.588 9.659 -0.148 17.177 -6.125 17.700 0.262 -0.611 -1.134
2.588 9.659 -0.148 17.177 -6.148 17.177 0.262 -0.611 -1.222
2.588 9.659 -0.148 17.177 -6.125 16.654 0.262 -0.611 -1.309
2.588 9.659 -0.148 17.177 -6.057 16.135 0.262 -0.611 -1.396
2.588 9.659 -0.148 17.177 -5.944 15.624 0.262 -0.611 -1.484
2.588 9.659 -0.148 17.177 -5.786 15.125 0.262 -0.611 -1.571
2.588 9.659 -0.148 17.177 -5.944 15.624 0.262 -0.611 -1.484
2.588 9.659 -0.148 17.177 -6.057 16.135 0.262 -0.611 -1.396
2.588 9.659 -0.148 17.177 -6.125 16.654 0.262 -0.611 -1.309
2.588 9.659 -0.148 17.177 -6.148 17.177 0.262 -0.611 -1.222
2.588 9.659 -0.148 17.177 -6.125 17.700 0.262 -0.611 -1.134
2.588 9.659 -0.793 16.910 -6.793 16.910 0.262 -0.698 -1.134
2.588 9.659 -1.412 16.587 -7.389 16.065 0.262 -0.785 -1.134
2.588 9.659 -2.000 16.212 -7.909 15.171 0.262 -0.873 -1.134
2.588 9.659 -2.554 15.788 -8.350 14.235 0.262 -0.960 -1.134
2.588 9.659 -3.069 15.316 -8.707 13.264 0.262 -1.047 -1.134
2.588 9.659 -3.540 14.802 -8.978 12.266 0.262 -1.134 -1.134
2.588 9.659 -3.965 14.248 -9.161 11.248 0.262 -1.222 -1.134
2.588 9.659 -4.340 13.659 -9.255 10.218 0.262 -1.309 -1.134
2.588 9.659 -4.662 13.040 -9.259 9.183 0.262 -1.396 -1.134
2.588 9.659 -4.929 12.395 -9.172 8.153 0.262 -1.484 -1.134
2.588 9.659 -5.139 11.730 -8.996 7.134 0.262 -1.571 -1.134
2.588 9.659 -5.290 11.048 -8.732 6.134 0.262 -1.658 -1.134
3.420 9.397 -4.307 11.467 -8.164 6.871 0.349 -1.658 -1.134
4.226 9.063 -3.291 11.799 -7.534 7.557 0.436 -1.658 -1.134
5.000 8.660 -2.250 12.041 -6.847 8.184 0.524 -1.658 -1.134
5.736 8.192 -1.192 12.192 -6.107 8.750 0.611 -1.658 -1.134
6.428 7.660 -0.125 12.249 -5.321 9.249 0.698 -1.658 -1.134
7.071 7.071 0.943 12.213 -4.495 9.678 0.785 -1.658 -1.134
6.428 7.660 -0.125 12.249 -5.321 9.249 0.698 -1.658 -1.134
5.736 8.192 -1.192 12.192 -6.107 8.750 0.611 -1.658 -1.134
5.000 8.660 -2.250 12.041 -6.847 8.184 0.524 -1.658 -1.134
4.226 9.063 -3.291 11.799 -7.534 7.557 0.436 -1.658 -1.134
3.420 9.397 -4.307 11.467 -8.164 6.871 0.349 -1.658 -1.134
2.588 9.659 -5.290 11.048 -8.732 6.134 0.262 -1.658 -1.134
1.736 9.848 -6.233 10.545 -9.233 5.349 0.175 -1.658 -1.134
0.872 9.962 -7.128 9.962 -9.664 4.524 0.087 -1.658 -1.134
-0.000 10.000 -7.970 9.303 -10.022 3.665 -0.000 -1.658 -1.134
-0.872 9.962 -8.750 8.573 -10.303 2.777 -0.087 -1.658 -1.134
-1.736 9.848 -9.464 7.778 -10.506 1.869 -0.175 -1.658 -1.134
-2.588 9.659 -10.106 6.923 -10.629 0.946 -0.262 -1.658 -1.134
-3.420 9.397 -10.671 6.016 -10.671 0.016 -0.349 -1.658 -1.134
-3.420 9.397 -10.938 6.661 -11.461 0.684 -0.349 -1.571 -1.134
-3.420 9.397 -11.148 7.326 -12.189 1.418 -0.349 -1.484 -1.134
-3.420 9.397 -11.299 8.008 -12.852 2.212 -0.349 -1.396 -1.134
-3.420 9.397 -11.390 8.700 -13.442 3.062 -0.349 -1.309 -1.134
-3.420 9.397 -11.420 9.397 -13.956 3.959 -0.349 -1.222 -1.134
-3.420 9.397 -11.390 10.094 -14.390 4.898 -0.349 -1.134 -1.134
-3.420 9.397 -11.299 10.786 -14.740 5.871 -0.349 -1.047 -1.134
-3.420 9.397 -11.148 11.467 -15.004 6.871 -0.349 -0.960 -1.134
-3.420 9.397 -10.938 12.133 -15.180 7.890 -0.349 -0.873 -1.134
-3.420 9.397 -10.671 12.778 -15.267 8.921 -0.349 -0.785 -1.134
-3.420 9.397 -10.348 13.397 -15.263 9.955 -0.349 -0.698 -1.134
-3.420 9.397 -9.973 13.986 -15.170 10.986 -0.349 -0.611 -1.134
-3.420 9.397 -9.549 14.539 -14.986 12.004 -0.349 -0.524 -1.134
-3.420 9.397 -9.077 15.054 -14.715 13.002 -0.349 -0.436 -1.134
-3.420 9.397 -8.563 15.525 -14.358 13.972 -0.349 -0.349 -1.134
-3.420 9.397 -8.009 15.950 -13.918 14.908 -0.349 -0.262 -1.134
-3.420 9.397 -7.420 16.325 -13.397 15.802 -0.349 -0.175 -1.134
-3.420 9.397 -6.801 16.647 -12.801 16.647 -0.349 -0.087 -1.134
-4.226 9.063 -8.226 15.991 -14.203 15.468 -0.436 -0.087 -1.134
-5.000 8.660 -9.589 15.213 -15.497 14.172 -0.524 -0.087 -1.134
-5.736 8.192 -10.878 14.320 -16.674 12.767 -0.611 -0.087 -1.134
-6.428 7.660 -12.085 13.317 -17.723 11.265 -0.698 -0.087 -1.134
-6.428 7.660 -11.570 13.789 -17.366 12.236 -0.698 0.000 -1.134
-6.428 7.660 -11.016 14.214 -16.925 13.172 -0.698 0.087 -1.134
-6.428 7.660 -10.428 14.589 -16.405 14.066 -0.698 0.175 -1.134
-6.428 7.660 -9.809 14.911 -15.809 14.911 -0.698 0.262 -1.134
-6.428 7.660 -9.809 14.911 -15.786 15.434 -0.698 0.262 -1.047
-6.428 7.660 -9.809 14.911 -15.718 15.953 -0.698 0.262 -0.960
-6.428 7.660 -9.809 14.911 -15.604 16.464 -0.698 0.262 -0.873
-6.428 7.660 -9.809 14.911 -15.447 16.963 -0.698 0.262 -0.785
-5.736 8.192 -8.472 15.709 -13.910 18.245 -0.611 0.262 -0.785
-5.000 8.660 -7.071 16.388 -12.267 19.388 -0.524 0.262 -0.785
-4.226 9.063 -5.615 16.942 -10.530 20.383 -0.436 0.262 -0.785
-3.420 9.397 -4.117 17.366 -8.714 21.223 -0.349 0.262 -0.785
-2.588 9.659 -2.588 17.659 -6.831 21.902 -0.262 0.262 -0.785
-1.736 9.848 -1.039 17.818 -4.896 22.414 -0.175 0.262 -0.785
-0.872 9.962 0.518 17.840 -2.924 22.755 -0.087 0.262 -0.785
-0.000 10.000 2.071 17.727 -0.929 22.924 -0.000 0.262 -0.785
-0.872 9.962 0.518 17.840 -2.924 22.755 -0.087 0.262 -0.785
-1.736 9.848 -1.039 17.818 -4.896 22.414 -0.175 0.262 -0.785
-2.588 9.659 -2.588 17.659 -6.831 21.902 -0.262 0.262 -0.785
-2.588 9.659 -2.588 17.659 -6.445 22.256 -0.262 0.262 -0.698
-2.588 9.659 -2.588 17.659 -6.030 22.574 -0.262 0.262 -0.611
-2.588 9.659 -2.588 17.659 -5.588 22.855 -0.262 0.262 -0.524
-2.588 9.659 -2.588 17.659 -5.124 23.097 -0.262 0.262 -0.436
-2.588 9.659 -2.588 17.659 -4.640 23.297 -0.262 0.262 -0.349
-2.588 9.659 -2.588 17.659 -4.141 23.455 -0.262 0.262 -0.262
-2.588 9.659 -2.588 17.659 -3.630 23.568 -0.262 0.262 -0.175
-2.588 9.659 -2.588 17.659 -3.111 23.636 -0.262 0.262 -0.087
-2.588 9.659 -2.588 17.659 -2.588 23.659 -0.262 0.262 -0.000
-2.588 9.659 -2.588 17.659 -2.065 23.636 -0.262 0.262 0.087
-2.588 9.659 -2.588 17.659 -1.546 23.568 -0.262 0.262 0.175
-2.588 9.659 -2.588 17.659 -1.035 23.455 -0.262 0.262 0.262
-2.588 9.659 -2.588 17.659 -0.536 23.297 -0.262 0.262 0.349
-2.588 9.659 -2.588 17.659 -0.052 23.097 -0.262 0.262 0.436
-2.588 9.659 -2.588 17.659 0.412 22.855 -0.262 0.262 0.524
-2.588 9.659 -2.588 17.659 0.853 22.574 -0.262 0.262 0.611
-2.588 9.659 -2.588 17.659 1.269 22.256 -0.262 0.262 0.698
-2.588 9.659 -2.588 17.659 1.654 21.902 -0.262 0.262 0.785
-1.736 9.848 -1.039 17.818 3.557 21.674 -0.175 0.262 0.785
-0.872 9.962 0.518 17.840 5.433 21.282 -0.087 0.262 0.785
-0.000 10.000 2.071 17.727 7.267 20.727 -0.000 0.262 0.785
-0.872 9.962 0.518 17.840 5.433 21.282 -0.087 0.262 0.785
-1.736 9.848 -1.039 17.818 3.557 21.674 -0.175 0.262 0.785
-2.588 9.659 -2.588 17.659 1.654 21.902 -0.262 0.262 0.785
-3.420 9.397 -4.117 17.366 -0.261 21.963 -0.349 0.262 0.785
-4.226 9.063 -5.615 16.942 -2.174 21.856 -0.436 0.262 0.785
-5.000 8.660 -7.071 16.388 -4.071 21.584 -0.524 0.262 0.785
-5.736 8.192 -8.472 15.709 -5.936 21.147 -0.611 0.262 0.785
-6.428 7.660 -9.809 14.911 -7.757 20.549 -0.698 0.262 0.785
-7.071 7.071 -11.071 13.999 -9.518 19.795 -0.785 0.262 0.785
-7.660 6.428 -12.249 12.981 -11.207 18.890 -0.873 0.262 0.785
-8.192 5.736 -13.334 11.864 -12.811 17.841 -0.960 0.262 0.785
-8.660 5.000 -14.317 10.657 -14.317 16.657 -1.047 0.262 0.785
-8.660 5.000 -13.803 11.128 -13.280 17.106 -1.047 0.349 0.785
-8.660 5.000 -13.249 11.553 -12.207 17.462 -1.047 0.436 0.785
-8.660 5.000 -12.660 11.928 -11.107 17.724 -1.047 0.524 0.785
-8.660 5.000 -12.041 12.250 -9.989 17.889 -1.047 0.611 0.785
-8.660 5.000 -11.396 12.518 -8.861 17.955 -1.047 0.698 0.785
-8.660 5.000 -10.731 12.727 -7.731 17.924 -1.047 0.785 0.785
-8.660 5.000 -10.049 12.878 -6.608 17.793 -1.047 0.873 0.785
-8.660 5.000 -10.049 12.878 -7.049 18.075 -1.047 0.873 0.698
-8.660 5.000 -10.049 12.878 -7.514 18.316 -1.047 0.873 0.611
-8.660 5.000 -10.049 12.878 -7.997 18.517 -1.047 0.873 0.524
-8.660 5.000 -10.049 12.878 -8.497 18.674 -1.047 0.873 0.436
-8.192 5.736 -8.889 13.705 -6.837 19.343 -0.960 0.873 0.436
-7.660 6.428 -7.660 14.428 -5.125 19.866 -0.873 0.873 0.436
-7.071 7.071 -6.374 15.041 -3.374 20.237 -0.785 0.873 0.436
-6.428 7.660 -5.039 15.539 -1.597 20.454 -0.698 0.873 0.436
-5.736 8.192 -3.665 15.919 0.192 20.515 -0.611 0.873 0.436
-5.000 8.660 -2.264 16.178 1.979 20.420 -0.524 0.873 0.436
-4.226 9.063 -0.845 16.314 3.751 20.170 -0.436 0.873 0.436
-3.420 9.397 0.580 16.325 5.495 19.767 -0.349 0.873 0.436
-2.588 9.659 2.000 16.212 7.197 19.212 -0.262 0.873 0.436
-2.588 9.659 2.000 16.212 7.438 18.748 -0.262 0.873 0.524
-2.588 9.659 2.000 16.212 7.639 18.265 -0.262 0.873 0.611
-2.588 9.659 2.000 16.212 7.796 17.765 -0.262 0.873 0.698
-2.588 9.659 2.000 16.212 7.909 17.254 -0.262 0.873 0.785
-2.588 9.659 2.000 16.212 7.978 16.735 -0.262 0.873 0.873
-2.588 9.659 2.000 16.212 8.000 16.212 -0.262 0.873 0.960
-2.588 9.659 2.000 16.212 7.978 15.690 -0.262 0.873 1.047
-2.588 9.659 2.000 16.212 7.909 15.171 -0.262 0.873 1.134
-2.588 9.659 2.000 16.212 7.796 14.660 -0.262 0.873 1.222
-2.588 9.659 2.000 16.212 7.639 14.160 -0.262 0.873 1.309
-2.588 9.659 1.412 16.587 7.207 15.035 -0.262 0.785 1.309
-2.588 9.659 0.793 16.910 6.702 15.868 -0.262 0.698 1.309
-2.588 9.659 0.148 17.177 6.125 16.654 -0.262 0.611 1.309
-2.588 9.659 -0.518 17.387 5.482 17.387 -0.262 0.524 1.309
-2.588 9.659 -0.518 17.387 5.460 17.910 -0.262 0.524 1.222
-2.588 9.659 -0.518 17.387 5.391 18.429 -0.262 0.524 1.134
-2.588 9.659 -0.518 17.387 5.278 18.940 -0.262 0.524 1.047
-2.588 9.659 -0.518 17.387 5.121 19.439 -0.262 0.524 0.960