#a1_X a1_Y a2_X a2_Y a3_X a3_Y j_1 j_2 j_3
0.000 10.000 -0.697 17.970 -1.220 23.947 0.000 -0.087 0.000
0.000 10.000 -1.389 17.878 -2.431 23.787 0.000 -0.175 0.000
0.000 10.000 -2.071 17.727 -3.623 23.523 0.000 -0.262 0.000
0.000 10.000 -2.736 17.518 -4.788 23.156 0.000 -0.349 0.000
0.000 10.000 -3.381 17.250 -5.917 22.688 0.000 -0.436 0.000
0.000 10.000 -4.000 16.928 -7.000 22.124 0.000 -0.524 0.000
0.000 10.000 -4.589 16.553 -8.030 21.468 0.000 -0.611 0.000
0.000 10.000 -4.000 16.928 -7.000 22.124 0.000 -0.524 0.000
0.000 10.000 -3.381 17.250 -5.917 22.688 0.000 -0.436 0.000
0.000 10.000 -2.736 17.518 -4.788 23.156 0.000 -0.349 0.000
0.000 10.000 -2.071 17.727 -3.623 23.523 0.000 -0.262 0.000
0.000 10.000 -1.389 17.878 -2.431 23.787 0.000 -0.175 0.000
0.000 10.000 -0.697 17.970 -1.220 23.947 0.000 -0.087 0.000
0.000 10.000 0.000 18.000 0.000 24.000 0.000 0.000 0.000
-0.872 9.962 -1.569 17.932 -2.092 23.909 -0.087 0.000 0.000
-1.736 9.848 -3.126 17.727 -4.168 23.635 -0.175 0.000 0.000
-2.588 9.659 -4.659 17.387 -6.212 23.182 -0.262 0.000 0.000
-3.420 9.397 -6.156 16.914 -8.208 22.553 -0.349 0.000 0.000
-4.226 9.063 -7.607 16.314 -10.143 21.751 -0.436 0.000 0.000
-5.000 8.660 -9.000 15.588 -12.000 20.785 -0.524 0.000 0.000
-5.736 8.192 -10.324 14.745 -13.766 19.660 -0.611 0.000 0.000
-6.428 7.660 -11.570 13.789 -15.427 18.385 -0.698 0.000 0.000
-7.071 7.071 -12.728 12.728 -16.971 16.971 -0.785 0.000 0.000
-7.660 6.428 -13.789 11.570 -18.385 15.427 -0.873 0.000 0.000
-7.071 7.071 -12.728 12.728 -16.971 16.971 -0.785 0.000 0.000
-6.428 7.660 -11.570 13.789 -15.427 18.385 -0.698 0.000 0.000
-5.736 8.192 -10.324 14.745 -13.766 19.660 -0.611 0.000 0.000
-5.000 8.660 -9.000 15.588 -12.000 20.785 -0.524 0.000 0.000
-4.226 9.063 -7.607 16.314 -10.143 21.751 -0.436 0.000 0.000
-3.420 9.397 -6.156 16.914 -8.208 22.553 -0.349 0.000 0.000
-2.588 9.659 -4.659 17.387 -6.212 23.182 -0.262 0.000 0.000
-3.420 9.397 -6.156 16.914 -8.208 22.553 -0.349 0.000 0.000
-4.226 9.063 -7.607 16.314 -10.143 21.751 -0.436 0.000 0.000
-5.000 8.660 -9.000 15.588 -12.000 20.785 -0.524 0.000 0.000
-5.736 8.192 -10.324 14.745 -13.766 19.660 -0.611 0.000 0.000
-5.736 8.192 -10.324 14.745 -14.181 19.341 -0.611 0.000 -0.087
-5.736 8.192 -10.324 14.745 -14.567 18.987 -0.611 0.000 -0.175
-5.736 8.192 -10.324 14.745 -14.921 18.601 -0.611 0.000 -0.262
-5.736 8.192 -10.324 14.745 -15.239 18.186 -0.611 0.000 -0.349
-5.736 8.192 -10.324 14.745 -15.521 17.745 -0.611 0.000 -0.436
-5.736 8.192 -10.324 14.745 -15.762 17.280 -0.611 0.000 -0.524
-5.736 8.192 -10.324 14.745 -15.963 16.797 -0.611 0.000 -0.611
-5.736 8.192 -10.324 14.745 -16.120 16.298 -0.611 0.000 -0.698
-5.736 8.192 -10.324 14.745 -16.233 15.787 -0.611 0.000 -0.785
-5.736 8.192 -10.324 14.745 -16.302 15.268 -0.611 0.000 -0.873
-5.736 8.192 -10.324 14.745 -16.324 14.745 -0.611 0.000 -0.960
-5.736 8.192 -10.324 14.745 -16.302 14.222 -0.611 0.000 -1.047
-5.736 8.192 -10.324 14.745 -16.233 13.703 -0.611 0.000 -1.134
-5.736 8.192 -10.324 14.745 -16.120 13.192 -0.611 0.000 -1.222
-5.736 8.192 -10.324 14.745 -15.963 12.693 -0.611 0.000 -1.309
-5.736 8.192 -10.324 14.745 -15.762 12.209 -0.611 0.000 -1.396
-5.736 8.192 -10.324 14.745 -15.521 11.745 -0.611 0.000 -1.484
-5.736 8.192 -10.324 14.745 -15.239 11.303 -0.611 0.000 -1.571
-5.000 8.660 -9.000 15.588 -14.196 12.588 -0.524 0.000 -1.571
-4.226 9.063 -7.607 16.314 -13.045 13.778 -0.436 0.000 -1.571
-3.420 9.397 -6.156 16.914 -11.795 14.862 -0.349 0.000 -1.571
-4.226 9.063 -7.607 16.314 -13.045 13.778 -0.436 0.000 -1.571
-5.000 8.660 -9.000 15.588 -14.196 12.588 -0.524 0.000 -1.571
-5.736 8.192 -10.324 14.745 -15.239 11.303 -0.611 0.000 -1.571
-5.000 8.660 -9.000 15.588 -14.196 12.588 -0.524 0.000 -1.571
-4.226 9.063 -7.607 16.314 -13.045 13.778 -0.436 0.000 -1.571
-3.420 9.397 -6.156 16.914 -11.795 14.862 -0.349 0.000 -1.571