#a1_X a1_Y a2_X a2_Y a3_X a3_Y j_1 j_2 j_3
0.000 10.000 -0.697 17.970 -1.220 23.947 0.000 -0.087 0.000
0.000 10.000 -1.389 17.878 -2.431 23.787 0.000 -0.175 0.000
0.000 10.000 -2.071 17.727 -3.623 23.523 0.000 -0.262 0.000
0.000 10.000 -2.736 17.518 -4.788 23.156 0.000 -0.349 0.000
0.000 10.000 -3.381 17.250 -5.917 22.688 0.000 -0.436 0.000
0.000 10.000 -4.000 16.928 -7.000 22.124 0.000 -0.524 0.000
0.000 10.000 -4.589 16.553 -8.030 21.468 0.000 -0.611 0.000
0.000 10.000 -5.142 16.128 -8.999 20.725 0.000 -0.698 0.000
0.000 10.000 -5.657 15.657 -9.899 19.899 0.000 -0.785 0.000
0.000 10.000 -6.128 15.142 -10.725 18.999 0.000 -0.873 0.000
0.000 10.000 -6.553 14.589 -11.468 18.030 0.000 -0.960 0.000
0.000 10.000 -6.928 14.000 -12.124 17.000 0.000 -1.047 0.000
0.000 10.000 -7.250 13.381 -12.688 15.917 0.000 -1.134 0.000
0.000 10.000 -7.518 12.736 -13.156 14.788 0.000 -1.222 0.000
0.000 10.000 -7.727 12.071 -13.523 13.623 0.000 -1.309 0.000
0.000 10.000 -7.878 11.389 -13.787 12.431 0.000 -1.396 0.000
0.000 10.000 -7.970 10.697 -13.947 11.220 0.000 -1.484 0.000
0.000 10.000 -8.000 10.000 -14.000 10.000 0.000 -1.571 0.000
0.000 10.000 -7.970 9.303 -13.947 8.780 0.000 -1.658 0.000
0.000 10.000 -7.878 8.611 -13.787 7.569 0.000 -1.745 0.000
0.000 10.000 -7.727 7.929 -13.523 6.377 0.000 -1.833 0.000
0.000 10.000 -7.518 7.264 -13.156 5.212 0.000 -1.920 0.000
0.000 10.000 -7.250 6.619 -12.688 4.083 0.000 -2.007 0.000
0.000 10.000 -6.928 6.000 -12.124 3.000 0.000 -2.094 0.000
0.000 10.000 -7.250 6.619 -12.688 4.083 0.000 -2.007 0.000
0.000 10.000 -7.518 7.264 -13.156 5.212 0.000 -1.920 0.000
0.000 10.000 -7.727 7.929 -13.523 6.377 0.000 -1.833 0.000
0.000 10.000 -7.878 8.611 -13.787 7.569 0.000 -1.745 0.000
0.000 10.000 -7.970 9.303 -13.947 8.780 0.000 -1.658 0.000
0.000 10.000 -8.000 10.000 -14.000 10.000 0.000 -1.571 0.000
0.000 10.000 -7.970 10.697 -13.947 11.220 0.000 -1.484 0.000
0.000 10.000 -7.970 10.697 -13.878 11.739 0.000 -1.484 0.087
0.000 10.000 -7.970 10.697 -13.765 12.250 0.000 -1.484 0.175
0.000 10.000 -7.970 10.697 -13.608 12.749 0.000 -1.484 0.262
0.000 10.000 -7.970 10.697 -13.407 13.233 0.000 -1.484 0.349
-0.872 9.962 -8.872 9.962 -14.510 12.014 -0.087 -1.484 0.349
-1.736 9.848 -9.706 9.151 -15.502 10.704 -0.175 -1.484 0.349
-1.736 9.848 -9.615 8.459 -15.524 9.501 -0.175 -1.571 0.349
-1.736 9.848 -9.464 7.778 -15.441 8.300 -0.175 -1.658 0.349
-1.736 9.848 -9.254 7.112 -15.254 7.112 -0.175 -1.745 0.349
-1.736 9.848 -8.987 6.467 -14.964 5.944 -0.175 -1.833 0.349
-1.736 9.848 -8.665 5.848 -14.574 4.806 -0.175 -1.920 0.349
-1.736 9.848 -8.290 5.259 -14.085 3.707 -0.175 -2.007 0.349
-1.736 9.848 -7.865 4.706 -13.503 2.654 -0.175 -2.094 0.349
-2.588 9.659 -8.245 4.002 -13.683 1.467 -0.262 -2.094 0.349
-3.420 9.397 -8.563 3.269 -13.759 0.269 -0.349 -2.094 0.349
-3.420 9.397 -9.077 3.740 -14.515 1.204 -0.349 -2.007 0.349
-3.420 9.397 -9.549 4.255 -15.187 2.203 -0.349 -1.920 0.349
-3.420 9.397 -9.973 4.808 -15.769 3.255 -0.349 -1.833 0.349
-2.588 9.659 -9.516 5.659 -15.425 4.617 -0.262 -1.833 0.349
-1.736 9.848 -8.987 6.467 -14.964 5.944 -0.175 -1.833 0.349
-0.872 9.962 -8.389 7.226 -14.389 7.226 -0.087 -1.833 0.349
0.000 10.000 -7.727 7.929 -13.705 8.452 0.000 -1.833 0.349
0.872 9.962 -7.007 8.573 -12.916 9.615 0.087 -1.833 0.349
1.736 9.848 -6.233 9.151 -12.029 10.704 0.175 -1.833 0.349
2.588 9.659 -5.412 9.659 -11.050 11.711 0.262 -1.833 0.349
3.420 9.397 -4.549 10.094 -9.987 12.630 0.349 -1.833 0.349
4.226 9.063 -3.652 10.452 -8.848 13.452 0.436 -1.833 0.349
5.000 8.660 -2.727 10.731 -7.642 14.172 0.524 -1.833 0.349
5.736 8.192 -1.782 10.928 -6.378 14.784 0.611 -1.833 0.349
6.428 7.660 -0.823 11.041 -5.065 15.284 0.698 -1.833 0.349