#a1_X a1_Y a2_X a2_Y a3_X a3_Y j_1 j_2 j_3
0.000 10.000 -0.697 17.970 -1.220 23.947 0.000 -0.087 0.000
0.000 10.000 -1.389 17.878 -2.431 23.787 0.000 -0.175 0.000
0.000 10.000 -2.071 17.727 -3.623 23.523 0.000 -0.262 0.000
0.000 10.000 -2.736 17.518 -4.788 23.156 0.000 -0.349 0.000
0.000 10.000 -3.381 17.250 -5.917 22.688 0.000 -0.436 0.000
0.000 10.000 -4.000 16.928 -7.000 22.124 0.000 -0.524 0.000
0.000 10.000 -4.589 16.553 -8.030 21.468 0.000 -0.611 0.000
0.000 10.000 -5.142 16.128 -8.999 20.725 0.000 -0.698 0.000
0.000 10.000 -5.657 15.657 -9.899 19.899 0.000 -0.785 0.000
0.000 10.000 -6.128 15.142 -10.725 18.999 0.000 -0.873 0.000
0.000 10.000 -6.553 14.589 -11.468 18.030 0.000 -0.960 0.000
0.000 10.000 -6.928 14.000 -12.124 17.000 0.000 -1.047 0.000
0.000 10.000 -7.250 13.381 -12.688 15.917 0.000 -1.134 0.000
0.000 10.000 -7.518 12.736 -13.156 14.788 0.000 -1.222 0.000
0.000 10.000 -7.727 12.071 -13.523 13.623 0.000 -1.309 0.000
0.000 10.000 -7.878 11.389 -13.787 12.431 0.000 -1.396 0.000
0.000 10.000 -7.970 10.697 -13.947 11.220 0.000 -1.484 0.000
0.000 10.000 -8.000 10.000 -14.000 10.000 0.000 -1.571 0.000
-0.872 9.962 -8.841 9.265 -14.818 8.742 -0.087 -1.571 0.000
-1.736 9.848 -9.615 8.459 -15.524 7.417 -0.175 -1.571 0.000
-1.736 9.848 -9.464 7.778 -15.259 6.225 -0.175 -1.658 0.000
-1.736 9.848 -9.254 7.112 -14.892 5.060 -0.175 -1.745 0.000
-1.736 9.848 -8.987 6.467 -14.425 3.931 -0.175 -1.833 0.000
-1.736 9.848 -8.665 5.848 -13.861 2.848 -0.175 -1.920 0.000
-1.736 9.848 -8.290 5.259 -13.205 1.818 -0.175 -2.007 0.000
-1.736 9.848 -7.865 4.706 -12.461 0.849 -0.175 -2.094 0.000
-1.736 9.848 -7.865 4.706 -12.780 1.264 -0.175 -2.094 0.087
-1.736 9.848 -7.865 4.706 -13.061 1.706 -0.175 -2.094 0.175
-1.736 9.848 -7.865 4.706 -13.303 2.170 -0.175 -2.094 0.262
-1.736 9.848 -7.865 4.706 -13.503 2.654 -0.175 -2.094 0.349
-1.736 9.848 -7.865 4.706 -13.660 3.153 -0.175 -2.094 0.436
-1.736 9.848 -7.865 4.706 -13.774 3.664 -0.175 -2.094 0.524
-1.736 9.848 -7.865 4.706 -13.842 4.183 -0.175 -2.094 0.611
-1.736 9.848 -7.865 4.706 -13.865 4.706 -0.175 -2.094 0.698
-1.736 9.848 -7.865 4.706 -13.842 5.229 -0.175 -2.094 0.785
-1.736 9.848 -7.865 4.706 -13.774 5.748 -0.175 -2.094 0.873
-1.736 9.848 -7.865 4.706 -13.660 6.259 -0.175 -2.094 0.960
-1.736 9.848 -7.865 4.706 -13.503 6.758 -0.175 -2.094 1.047
-1.736 9.848 -7.865 4.706 -13.303 7.241 -0.175 -2.094 1.134
-1.736 9.848 -7.865 4.706 -13.061 7.706 -0.175 -2.094 1.222
-1.736 9.848 -7.865 4.706 -12.780 8.147 -0.175 -2.094 1.309
-1.736 9.848 -7.865 4.706 -12.461 8.563 -0.175 -2.094 1.396
-1.736 9.848 -7.865 4.706 -12.107 8.948 -0.175 -2.094 1.484
-1.736 9.848 -7.865 4.706 -11.722 9.302 -0.175 -2.094 1.571
-1.736 9.848 -7.865 4.706 -12.107 8.948 -0.175 -2.094 1.484
-1.736 9.848 -7.865 4.706 -12.461 8.563 -0.175 -2.094 1.396
-1.736 9.848 -7.865 4.706 -12.780 8.147 -0.175 -2.094 1.309
-1.736 9.848 -7.865 4.706 -13.061 7.706 -0.175 -2.094 1.222
-0.872 9.962 -7.425 5.373 -12.340 8.815 -0.087 -2.094 1.222
0.000 10.000 -6.928 6.000 -11.524 9.857 0.000 -2.094 1.222
0.872 9.962 -6.379 6.581 -10.622 10.824 0.087 -2.094 1.222
1.736 9.848 -5.781 7.112 -9.638 11.708 0.175 -2.094 1.222
2.588 9.659 -5.139 7.589 -8.581 12.504 0.262 -2.094 1.222
3.420 9.397 -4.458 8.008 -7.458 13.204 0.349 -2.094 1.222
4.226 9.063 -3.743 8.366 -6.279 13.804 0.436 -2.094 1.222
5.000 8.660 -3.000 8.660 -5.052 14.298 0.524 -2.094 1.222
5.736 8.192 -2.234 8.889 -3.787 14.684 0.611 -2.094 1.222
5.736 8.192 -2.234 8.889 -4.286 14.527 0.611 -2.094 1.134
5.736 8.192 -2.234 8.889 -4.770 14.327 0.611 -2.094 1.047
5.736 8.192 -2.234 8.889 -5.234 14.085 0.611 -2.094 0.960
5.736 8.192 -2.143 9.581 -4.678 15.019 0.611 -2.007 0.960
5.736 8.192 -1.992 10.262 -4.044 15.900 0.611 -1.920 0.960
5.736 8.192 -1.782 10.928 -3.335 16.723 0.611 -1.833 0.960
5.736 8.192 -1.515 11.572 -2.557 17.481 0.611 -1.745 0.960
5.736 8.192 -1.192 12.192 -1.715 18.169 0.611 -1.658 0.960
5.736 8.192 -0.817 12.780 -0.817 18.780 0.611 -1.571 0.960
5.736 8.192 -0.393 13.334 0.130 19.311 0.611 -1.484 0.960
5.736 8.192 0.079 13.848 1.121 19.757 0.611 -1.396 0.960
5.000 8.660 -1.128 13.803 -0.605 19.780 0.524 -1.396 0.960
4.226 9.063 -2.327 13.652 -2.327 19.652 0.436 -1.396 0.960
3.420 9.397 -3.508 13.397 -4.031 19.374 0.349 -1.396 0.960
2.588 9.659 -4.662 13.040 -5.704 18.949 0.262 -1.396 0.960
3.420 9.397 -3.508 13.397 -4.031 19.374 0.349 -1.396 0.960
4.226 9.063 -2.327 13.652 -2.327 19.652 0.436 -1.396 0.960
5.000 8.660 -1.128 13.803 -0.605 19.780 0.524 -1.396 0.960
5.736 8.192 0.079 13.848 1.121 19.757 0.611 -1.396 0.960
5.000 8.660 -1.128 13.803 -0.605 19.780 0.524 -1.396 0.960
4.226 9.063 -2.327 13.652 -2.327 19.652 0.436 -1.396 0.960
3.420 9.397 -3.508 13.397 -4.031 19.374 0.349 -1.396 0.960
2.588 9.659 -4.662 13.040 -5.704 18.949 0.262 -1.396 0.960
1.736 9.848 -5.781 12.584 -7.334 18.380 0.175 -1.396 0.960
0.872 9.962 -6.856 12.032 -8.908 17.671 0.087 -1.396 0.960
0.000 10.000 -7.878 11.389 -10.414 16.827 0.000 -1.396 0.960
-0.872 9.962 -8.841 10.659 -11.841 15.855 -0.087 -1.396 0.960
-1.736 9.848 -9.736 9.848 -13.178 14.763 -0.175 -1.396 0.960
-2.588 9.659 -10.558 8.962 -14.414 13.558 -0.262 -1.396 0.960
-3.420 9.397 -11.299 8.008 -15.541 12.250 -0.349 -1.396 0.960
-4.226 9.063 -11.954 6.993 -16.550 10.849 -0.436 -1.396 0.960
-3.420 9.397 -11.299 8.008 -15.541 12.250 -0.349 -1.396 0.960
-2.588 9.659 -10.558 8.962 -14.414 13.558 -0.262 -1.396 0.960
-1.736 9.848 -9.736 9.848 -13.178 14.763 -0.175 -1.396 0.960
-0.872 9.962 -8.841 10.659 -11.841 15.855 -0.087 -1.396 0.960
0.000 10.000 -7.878 11.389 -10.414 16.827 0.000 -1.396 0.960
0.872 9.962 -6.856 12.032 -8.908 17.671 0.087 -1.396 0.960
1.736 9.848 -5.781 12.584 -7.334 18.380 0.175 -1.396 0.960
2.588 9.659 -4.662 13.040 -5.704 18.949 0.262 -1.396 0.960
3.420 9.397 -3.508 13.397 -4.031 19.374 0.349 -1.396 0.960
4.226 9.063 -2.327 13.652 -2.327 19.652 0.436 -1.396 0.960
5.000 8.660 -1.128 13.803 -0.605 19.780 0.524 -1.396 0.960
5.736 8.192 0.079 13.848 1.121 19.757 0.611 -1.396 0.960
5.000 8.660 -1.128 13.803 -0.605 19.780 0.524 -1.396 0.960
4.226 9.063 -2.327 13.652 -2.327 19.652 0.436 -1.396 0.960
3.420 9.397 -3.508 13.397 -4.031 19.374 0.349 -1.396 0.960
2.588 9.659 -4.662 13.040 -5.704 18.949 0.262 -1.396 0.960
1.736 9.848 -5.781 12.584 -7.334 18.380 0.175 -1.396 0.960
0.872 9.962 -6.856 12.032 -8.908 17.671 0.087 -1.396 0.960
0.000 10.000 -7.878 11.389 -10.414 16.827 0.000 -1.396 0.960
0.872 9.962 -6.856 12.032 -8.908 17.671 0.087 -1.396 0.960
1.736 9.848 -5.781 12.584 -7.334 18.380 0.175 -1.396 0.960
2.588 9.659 -4.662 13.040 -5.704 18.949 0.262 -1.396 0.960
3.420 9.397 -3.508 13.397 -4.031 19.374 0.349 -1.396 0.960
4.226 9.063 -2.327 13.652 -2.327 19.652 0.436 -1.396 0.960
4.226 9.063 -2.327 13.652 -1.804 19.629 0.436 -1.396 1.047
4.226 9.063 -2.327 13.652 -1.285 19.561 0.436 -1.396 1.134
4.226 9.063 -2.327 13.652 -0.774 19.447 0.436 -1.396 1.222
4.226 9.063 -2.327 13.652 -0.275 19.290 0.436 -1.396 1.309
4.226 9.063 -2.327 13.652 0.209 19.090 0.436 -1.396 1.396
4.226 9.063 -2.327 13.652 0.673 18.848 0.436 -1.396 1.484
4.226 9.063 -2.327 13.652 1.114 18.567 0.436 -1.396 1.571
3.420 9.397 -3.508 13.397 -0.508 18.593 0.349 -1.396 1.571
2.588 9.659 -4.662 13.040 -2.127 18.478 0.262 -1.396 1.571
1.736 9.848 -5.781 12.584 -3.729 18.222 0.175 -1.396 1.571
0.872 9.962 -6.856 12.032 -5.303 17.828 0.087 -1.396 1.571
0.000 10.000 -7.878 11.389 -6.837 17.298 0.000 -1.396 1.571
-0.872 9.962 -8.841 10.659 -8.318 16.636 -0.087 -1.396 1.571
-1.736 9.848 -9.736 9.848 -9.736 15.848 -0.175 -1.396 1.571
-2.588 9.659 -10.558 8.962 -11.081 14.939 -0.262 -1.396 1.571
-3.420 9.397 -11.299 8.008 -12.341 13.917 -0.349 -1.396 1.571
-4.226 9.063 -11.954 6.993 -13.507 12.788 -0.436 -1.396 1.571
-5.000 8.660 -12.518 5.924 -14.570 11.562 -0.524 -1.396 1.571
-5.736 8.192 -12.986 4.811 -15.522 10.248 -0.611 -1.396 1.571