#a1_X a1_Y a2_X a2_Y a3_X a3_Y j_1 j_2 j_3
0.000 10.000 -0.697 17.970 -1.220 23.947 0.000 -0.087 0.000
0.000 10.000 -1.389 17.878 -2.431 23.787 0.000 -0.175 0.000
0.000 10.000 -2.071 17.727 -3.623 23.523 0.000 -0.262 0.000
0.000 10.000 -2.736 17.518 -4.788 23.156 0.000 -0.349 0.000
0.872 9.962 -1.199 17.689 -2.752 23.485 0.087 -0.349 0.000
1.736 9.848 0.347 17.727 -0.695 23.635 0.175 -0.349 0.000
1.736 9.848 -0.334 17.575 -1.887 23.371 0.175 -0.436 0.000
1.736 9.848 -1.000 17.366 -3.052 23.004 0.175 -0.524 0.000
1.736 9.848 -1.644 17.099 -4.180 22.536 0.175 -0.611 0.000
1.736 9.848 -2.264 16.776 -5.264 21.972 0.175 -0.698 0.000
1.736 9.848 -2.852 16.401 -6.294 21.316 0.175 -0.785 0.000
1.736 9.848 -3.406 15.976 -7.263 20.573 0.175 -0.873 0.000
1.736 9.848 -3.920 15.505 -8.163 19.748 0.175 -0.960 0.000
1.736 9.848 -4.392 14.990 -8.988 18.847 0.175 -1.047 0.000
1.736 9.848 -4.392 14.990 -8.635 19.233 0.175 -1.047 0.087
1.736 9.848 -4.392 14.990 -8.249 19.587 0.175 -1.047 0.175
1.736 9.848 -4.392 14.990 -7.833 19.905 0.175 -1.047 0.262
1.736 9.848 -4.392 14.990 -7.392 20.187 0.175 -1.047 0.349
1.736 9.848 -4.392 14.990 -6.928 20.428 0.175 -1.047 0.436
1.736 9.848 -4.392 14.990 -6.444 20.629 0.175 -1.047 0.524
1.736 9.848 -4.392 14.990 -5.945 20.786 0.175 -1.047 0.611
1.736 9.848 -4.392 14.990 -5.434 20.899 0.175 -1.047 0.698
1.736 9.848 -4.392 14.990 -4.915 20.968 0.175 -1.047 0.785
1.736 9.848 -4.817 14.437 -5.859 20.346 0.175 -1.134 0.785
1.736 9.848 -5.192 13.848 -6.745 19.644 0.175 -1.222 0.785
1.736 9.848 -5.514 13.229 -7.566 18.867 0.175 -1.309 0.785
1.736 9.848 -5.781 12.584 -8.317 18.022 0.175 -1.396 0.785
1.736 9.848 -5.991 11.919 -8.991 17.115 0.175 -1.484 0.785
1.736 9.848 -6.142 11.237 -9.583 16.152 0.175 -1.571 0.785
1.736 9.848 -6.233 10.545 -10.090 15.142 0.175 -1.658 0.785
2.588 9.659 -5.290 11.048 -8.732 15.963 0.262 -1.658 0.785
3.420 9.397 -4.307 11.467 -7.307 16.664 0.349 -1.658 0.785
4.226 9.063 -3.291 11.799 -5.827 17.237 0.436 -1.658 0.785
5.000 8.660 -2.250 12.041 -4.303 17.679 0.524 -1.658 0.785
5.736 8.192 -1.192 12.192 -2.745 17.987 0.611 -1.658 0.785
6.428 7.660 -0.125 12.249 -1.167 18.158 0.698 -1.658 0.785
6.428 7.660 -0.500 11.660 -2.053 17.456 0.698 -1.745 0.785
6.428 7.660 -0.823 11.041 -2.875 16.680 0.698 -1.833 0.785
6.428 7.660 -1.090 10.397 -3.625 15.834 0.698 -1.920 0.785
7.071 7.071 -0.179 10.452 -2.232 16.090 0.785 -1.920 0.785
7.660 6.428 0.732 10.428 -0.821 16.223 0.873 -1.920 0.785
8.192 5.736 1.638 10.324 0.596 16.233 0.960 -1.920 0.785
7.660 6.428 0.732 10.428 -0.821 16.223 0.873 -1.920 0.785
7.071 7.071 -0.179 10.452 -2.232 16.090 0.785 -1.920 0.785
6.428 7.660 -1.090 10.397 -3.625 15.834 0.698 -1.920 0.785
5.736 8.192 -1.992 10.262 -4.992 15.458 0.611 -1.920 0.785
5.736 8.192 -1.782 10.928 -4.317 16.366 0.611 -1.833 0.785
5.736 8.192 -1.515 11.572 -3.567 17.211 0.611 -1.745 0.785
5.736 8.192 -1.192 12.192 -2.745 17.987 0.611 -1.658 0.785
5.736 8.192 -0.817 12.780 -1.859 18.689 0.611 -1.571 0.785
5.736 8.192 -0.393 13.334 -0.916 19.311 0.611 -1.484 0.785
5.736 8.192 0.079 13.848 0.079 19.848 0.611 -1.396 0.785
5.736 8.192 -0.393 13.334 -0.916 19.311 0.611 -1.484 0.785
5.736 8.192 -0.817 12.780 -1.859 18.689 0.611 -1.571 0.785
5.736 8.192 -1.192 12.192 -2.745 17.987 0.611 -1.658 0.785
5.736 8.192 -1.515 11.572 -3.567 17.211 0.611 -1.745 0.785
5.736 8.192 -1.515 11.572 -4.050 17.010 0.611 -1.745 0.698
5.736 8.192 -1.515 11.572 -4.515 16.769 0.611 -1.745 0.611
5.736 8.192 -1.515 11.572 -4.956 16.487 0.611 -1.745 0.524
5.736 8.192 -1.515 11.572 -5.371 16.169 0.611 -1.745 0.436
5.736 8.192 -1.515 11.572 -5.757 15.815 0.611 -1.745 0.349
5.736 8.192 -1.515 11.572 -6.111 15.429 0.611 -1.745 0.262
5.736 8.192 -1.515 11.572 -6.430 15.014 0.611 -1.745 0.175
5.736 8.192 -1.515 11.572 -6.711 14.572 0.611 -1.745 0.087
5.736 8.192 -1.515 11.572 -6.953 14.108 0.611 -1.745 -0.000
5.736 8.192 -1.515 11.572 -7.153 13.625 0.611 -1.745 -0.087
5.736 8.192 -1.515 11.572 -7.310 13.125 0.611 -1.745 -0.175
5.736 8.192 -1.515 11.572 -7.424 12.614 0.611 -1.745 -0.262
5.736 8.192 -1.515 11.572 -7.492 12.095 0.611 -1.745 -0.349
5.736 8.192 -1.515 11.572 -7.515 11.572 0.611 -1.745 -0.436
5.736 8.192 -1.515 11.572 -7.492 11.050 0.611 -1.745 -0.524
5.736 8.192 -1.515 11.572 -7.424 10.531 0.611 -1.745 -0.611
5.736 8.192 -1.515 11.572 -7.310 10.020 0.611 -1.745 -0.698
5.736 8.192 -1.515 11.572 -7.153 9.520 0.611 -1.745 -0.785
5.000 8.660 -2.518 11.396 -7.955 8.861 0.524 -1.745 -0.785
4.226 9.063 -3.501 11.134 -8.697 8.134 0.436 -1.745 -0.785
3.420 9.397 -4.458 10.786 -9.373 7.345 0.349 -1.745 -0.785
2.588 9.659 -5.381 10.357 -9.978 6.500 0.262 -1.745 -0.785
1.736 9.848 -6.264 9.848 -10.506 5.605 0.175 -1.745 -0.785
0.872 9.962 -7.098 9.265 -10.955 4.668 0.087 -1.745 -0.785
-0.000 10.000 -7.878 8.611 -11.320 3.696 -0.000 -1.745 -0.785
-0.872 9.962 -8.599 7.891 -11.599 2.695 -0.087 -1.745 -0.785
-1.736 9.848 -9.254 7.112 -11.790 1.674 -0.175 -1.745 -0.785
-2.588 9.659 -9.839 6.278 -11.891 0.640 -0.262 -1.745 -0.785
-2.588 9.659 -9.839 6.278 -12.374 0.840 -0.262 -1.745 -0.698
-2.588 9.659 -9.839 6.278 -12.839 1.082 -0.262 -1.745 -0.611
-2.588 9.659 -9.839 6.278 -13.280 1.363 -0.262 -1.745 -0.524
-2.588 9.659 -9.839 6.278 -13.695 1.682 -0.262 -1.745 -0.436
-2.588 9.659 -9.839 6.278 -14.081 2.036 -0.262 -1.745 -0.349
-2.588 9.659 -9.839 6.278 -14.435 2.422 -0.262 -1.745 -0.262
-2.588 9.659 -9.839 6.278 -14.754 2.837 -0.262 -1.745 -0.175
-2.588 9.659 -9.839 6.278 -15.035 3.278 -0.262 -1.745 -0.087
-2.588 9.659 -9.839 6.278 -15.276 3.743 -0.262 -1.745 -0.000
-2.588 9.659 -9.839 6.278 -15.477 4.226 -0.262 -1.745 0.087
-2.588 9.659 -9.839 6.278 -15.634 4.725 -0.262 -1.745 0.175
-2.588 9.659 -9.839 6.278 -15.747 5.236 -0.262 -1.745 0.262
-2.588 9.659 -9.839 6.278 -15.816 5.755 -0.262 -1.745 0.349
-2.588 9.659 -9.839 6.278 -15.839 6.278 -0.262 -1.745 0.436
-2.588 9.659 -9.839 6.278 -15.816 6.801 -0.262 -1.745 0.524
-2.588 9.659 -9.839 6.278 -15.747 7.320 -0.262 -1.745 0.611
-2.588 9.659 -9.839 6.278 -15.634 7.831 -0.262 -1.745 0.698
-2.588 9.659 -9.839 6.278 -15.477 8.330 -0.262 -1.745 0.785