#a1_X a1_Y a2_X a2_Y a3_X a3_Y j_1 j_2 j_3
0.000 10.000 0.697 17.970 1.220 23.947 0.000 0.087 0.000
0.000 10.000 1.389 17.878 2.431 23.787 0.000 0.175 0.000
0.000 10.000 2.071 17.727 3.623 23.523 0.000 0.262 0.000
0.000 10.000 2.736 17.518 4.788 23.156 0.000 0.349 0.000
0.000 10.000 3.381 17.250 5.917 22.688 0.000 0.436 0.000
0.000 10.000 3.381 17.250 6.381 22.447 0.000 0.436 0.087
0.000 10.000 3.381 17.250 6.822 22.165 0.000 0.436 0.175
0.000 10.000 3.381 17.250 7.238 21.847 0.000 0.436 0.262
0.000 10.000 3.381 17.250 7.624 21.493 0.000 0.436 0.349
0.000 10.000 3.381 17.250 7.977 21.107 0.000 0.436 0.436
0.000 10.000 3.381 17.250 8.296 20.692 0.000 0.436 0.524
0.000 10.000 3.381 17.250 8.577 20.250 0.000 0.436 0.611
0.000 10.000 3.381 17.250 8.819 19.786 0.000 0.436 0.698
0.000 10.000 3.381 17.250 9.019 19.303 0.000 0.436 0.785
0.000 10.000 2.736 17.518 8.174 20.053 0.000 0.349 0.785
0.000 10.000 2.071 17.727 7.267 20.727 0.000 0.262 0.785
0.000 10.000 1.389 17.878 6.304 21.320 0.000 0.175 0.785
0.000 10.000 0.697 17.970 5.294 21.826 0.000 0.087 0.785
0.000 10.000 -0.000 18.000 4.243 22.243 0.000 -0.000 0.785
0.000 10.000 -0.697 17.970 3.159 22.566 0.000 -0.087 0.785
0.000 10.000 -1.389 17.878 2.052 22.793 0.000 -0.175 0.785
0.000 10.000 -2.071 17.727 0.929 22.924 0.000 -0.262 0.785
0.000 10.000 -2.736 17.518 -0.200 22.955 0.000 -0.349 0.785
0.000 10.000 -3.381 17.250 -1.329 22.889 0.000 -0.436 0.785
0.000 10.000 -4.000 16.928 -2.447 22.724 0.000 -0.524 0.785
0.000 10.000 -4.589 16.553 -3.547 22.462 0.000 -0.611 0.785
0.000 10.000 -5.142 16.128 -4.619 22.106 0.000 -0.698 0.785
0.000 10.000 -5.657 15.657 -5.657 21.657 0.000 -0.785 0.785
0.000 10.000 -6.128 15.142 -6.651 21.119 0.000 -0.873 0.785
0.000 10.000 -6.553 14.589 -7.595 20.497 0.000 -0.960 0.785
0.000 10.000 -6.928 14.000 -8.481 19.796 0.000 -1.047 0.785
0.000 10.000 -7.250 13.381 -9.303 19.019 0.000 -1.134 0.785
0.872 9.962 -6.057 13.962 -7.610 19.758 0.087 -1.134 0.785
1.736 9.848 -4.817 14.437 -5.859 20.346 0.175 -1.134 0.785
2.588 9.659 -3.540 14.802 -4.063 20.779 0.262 -1.134 0.785
3.420 9.397 -2.237 15.054 -2.237 21.054 0.349 -1.134 0.785
4.226 9.063 -0.916 15.191 -0.393 21.169 0.436 -1.134 0.785
3.420 9.397 -2.237 15.054 -2.237 21.054 0.349 -1.134 0.785
2.588 9.659 -3.540 14.802 -4.063 20.779 0.262 -1.134 0.785
1.736 9.848 -4.817 14.437 -5.859 20.346 0.175 -1.134 0.785
0.872 9.962 -6.057 13.962 -7.610 19.758 0.087 -1.134 0.785
-0.000 10.000 -7.250 13.381 -9.303 19.019 -0.000 -1.134 0.785
0.872 9.962 -6.057 13.962 -7.610 19.758 0.087 -1.134 0.785
1.736 9.848 -4.817 14.437 -5.859 20.346 0.175 -1.134 0.785
2.588 9.659 -3.540 14.802 -4.063 20.779 0.262 -1.134 0.785
3.420 9.397 -2.237 15.054 -2.237 21.054 0.349 -1.134 0.785
4.226 9.063 -0.916 15.191 -0.393 21.169 0.436 -1.134 0.785
4.226 9.063 -1.431 14.720 -1.431 20.720 0.436 -1.222 0.785
4.226 9.063 -1.902 14.205 -2.425 20.183 0.436 -1.309 0.785
4.226 9.063 -2.327 13.652 -3.369 19.561 0.436 -1.396 0.785
4.226 9.063 -2.327 13.652 -3.880 19.447 0.436 -1.396 0.698
4.226 9.063 -2.327 13.652 -4.379 19.290 0.436 -1.396 0.611
4.226 9.063 -2.327 13.652 -4.863 19.090 0.436 -1.396 0.524
4.226 9.063 -2.327 13.652 -5.327 18.848 0.436 -1.396 0.436
4.226 9.063 -2.327 13.652 -5.768 18.567 0.436 -1.396 0.349
4.226 9.063 -2.327 13.652 -6.184 18.248 0.436 -1.396 0.262
4.226 9.063 -2.327 13.652 -6.570 17.894 0.436 -1.396 0.175
4.226 9.063 -2.327 13.652 -6.184 18.248 0.436 -1.396 0.262
4.226 9.063 -2.327 13.652 -5.768 18.567 0.436 -1.396 0.349
4.226 9.063 -2.327 13.652 -5.327 18.848 0.436 -1.396 0.436
4.226 9.063 -2.327 13.652 -4.863 19.090 0.436 -1.396 0.524
4.226 9.063 -2.327 13.652 -4.379 19.290 0.436 -1.396 0.611
4.226 9.063 -2.327 13.652 -3.880 19.447 0.436 -1.396 0.698
4.226 9.063 -2.327 13.652 -3.369 19.561 0.436 -1.396 0.785
4.226 9.063 -2.327 13.652 -2.850 19.629 0.436 -1.396 0.873
4.226 9.063 -2.327 13.652 -2.327 19.652 0.436 -1.396 0.960
4.226 9.063 -2.327 13.652 -1.804 19.629 0.436 -1.396 1.047
4.226 9.063 -2.327 13.652 -1.285 19.561 0.436 -1.396 1.134
4.226 9.063 -2.327 13.652 -0.774 19.447 0.436 -1.396 1.222
4.226 9.063 -2.327 13.652 -0.275 19.290 0.436 -1.396 1.309
4.226 9.063 -2.327 13.652 0.209 19.090 0.436 -1.396 1.396
4.226 9.063 -2.327 13.652 0.673 18.848 0.436 -1.396 1.484
4.226 9.063 -2.327 13.652 1.114 18.567 0.436 -1.396 1.571
5.000 8.660 -1.128 13.803 2.728 18.399 0.524 -1.396 1.571
5.736 8.192 0.079 13.848 4.322 18.091 0.611 -1.396 1.571
5.736 8.192 0.079 13.848 3.936 18.445 0.611 -1.396 1.484
5.736 8.192 0.079 13.848 3.520 18.763 0.611 -1.396 1.396
5.736 8.192 0.079 13.848 3.079 19.045 0.611 -1.396 1.309
5.736 8.192 0.079 13.848 2.615 19.286 0.611 -1.396 1.222
5.736 8.192 0.079 13.848 2.131 19.487 0.611 -1.396 1.134
5.736 8.192 0.079 13.848 1.632 19.644 0.611 -1.396 1.047
5.736 8.192 0.079 13.848 1.121 19.757 0.611 -1.396 0.960
5.736 8.192 0.079 13.848 0.602 19.826 0.611 -1.396 0.873
5.736 8.192 0.079 13.848 0.079 19.848 0.611 -1.396 0.785
5.736 8.192 0.079 13.848 -0.444 19.826 0.611 -1.396 0.698
5.736 8.192 0.079 13.848 -0.963 19.757 0.611 -1.396 0.611
5.736 8.192 0.079 13.848 -1.474 19.644 0.611 -1.396 0.524
5.736 8.192 0.079 13.848 -1.973 19.487 0.611 -1.396 0.436
5.736 8.192 0.079 13.848 -2.457 19.286 0.611 -1.396 0.349
5.736 8.192 0.079 13.848 -2.921 19.045 0.611 -1.396 0.262
5.736 8.192 0.079 13.848 -3.363 18.763 0.611 -1.396 0.175
5.736 8.192 0.079 13.848 -3.778 18.445 0.611 -1.396 0.087
5.736 8.192 0.079 13.848 -4.164 18.091 0.611 -1.396 0.000
5.736 8.192 0.079 13.848 -4.517 17.705 0.611 -1.396 -0.087
5.736 8.192 0.079 13.848 -4.836 17.290 0.611 -1.396 -0.175
5.736 8.192 0.079 13.848 -5.117 16.848 0.611 -1.396 -0.262
5.736 8.192 0.079 13.848 -5.359 16.384 0.611 -1.396 -0.349
5.736 8.192 0.079 13.848 -5.559 15.900 0.611 -1.396 -0.436
5.736 8.192 0.079 13.848 -5.717 15.401 0.611 -1.396 -0.524
5.736 8.192 -0.393 13.334 -6.301 14.376 0.611 -1.484 -0.524
5.736 8.192 -0.817 12.780 -6.795 13.303 0.611 -1.571 -0.524
5.736 8.192 -1.192 12.192 -7.192 12.192 0.611 -1.658 -0.524
5.736 8.192 -1.515 11.572 -7.492 11.050 0.611 -1.745 -0.524
5.736 8.192 -1.782 10.928 -7.691 9.886 0.611 -1.833 -0.524
5.736 8.192 -1.992 10.262 -7.787 8.709 0.611 -1.920 -0.524
5.736 8.192 -2.143 9.581 -7.781 7.529 0.611 -2.007 -0.524
5.736 8.192 -2.234 8.889 -7.672 6.353 0.611 -2.094 -0.524