#a1_X a1_Y a2_X a2_Y a3_X a3_Y j_1 j_2 j_3
0.000 10.000 -0.697 17.970 -1.220 23.947 0.000 -0.087 0.000
0.000 10.000 -1.389 17.878 -2.431 23.787 0.000 -0.175 0.000
0.000 10.000 -2.071 17.727 -3.623 23.523 0.000 -0.262 0.000
0.000 10.000 -2.736 17.518 -4.788 23.156 0.000 -0.349 0.000
0.872 9.962 -1.199 17.689 -2.752 23.485 0.087 -0.349 0.000
1.736 9.848 0.347 17.727 -0.695 23.635 0.175 -0.349 0.000
1.736 9.848 -0.334 17.575 -1.887 23.371 0.175 -0.436 0.000
1.736 9.848 -1.000 17.366 -3.052 23.004 0.175 -0.524 0.000
1.736 9.848 -1.644 17.099 -4.180 22.536 0.175 -0.611 0.000
1.736 9.848 -2.264 16.776 -5.264 21.972 0.175 -0.698 0.000
1.736 9.848 -1.644 17.099 -4.180 22.536 0.175 -0.611 0.000
1.736 9.848 -1.000 17.366 -3.052 23.004 0.175 -0.524 0.000
1.736 9.848 -0.334 17.575 -1.887 23.371 0.175 -0.436 0.000
1.736 9.848 0.347 17.727 -0.695 23.635 0.175 -0.349 0.000
1.736 9.848 1.039 17.818 0.516 23.795 0.175 -0.262 0.000
1.736 9.848 1.736 17.848 1.736 23.848 0.175 -0.175 0.000
0.872 9.962 0.174 17.932 -0.349 23.909 0.087 -0.175 0.000
-0.000 10.000 -1.389 17.878 -2.431 23.787 -0.000 -0.175 0.000
-0.872 9.962 -2.942 17.689 -4.495 23.485 -0.087 -0.175 0.000
-1.736 9.848 -4.473 17.366 -6.525 23.004 -0.175 -0.175 0.000
-0.872 9.962 -2.942 17.689 -4.495 23.485 -0.087 -0.175 0.000
-0.000 10.000 -1.389 17.878 -2.431 23.787 -0.000 -0.175 0.000
0.872 9.962 0.174 17.932 -0.349 23.909 0.087 -0.175 0.000
1.736 9.848 1.736 17.848 1.736 23.848 0.175 -0.175 0.000
1.736 9.848 1.736 17.848 1.214 23.825 0.175 -0.175 -0.087
1.736 9.848 1.736 17.848 0.695 23.757 0.175 -0.175 -0.175
1.736 9.848 1.736 17.848 0.184 23.644 0.175 -0.175 -0.262
1.736 9.848 1.736 17.848 0.695 23.757 0.175 -0.175 -0.175
1.736 9.848 1.736 17.848 1.214 23.825 0.175 -0.175 -0.087
1.736 9.848 1.736 17.848 1.736 23.848 0.175 -0.175 0.000
0.872 9.962 0.174 17.932 -0.349 23.909 0.087 -0.175 0.000
-0.000 10.000 -1.389 17.878 -2.431 23.787 -0.000 -0.175 0.000
-0.872 9.962 -2.942 17.689 -4.495 23.485 -0.087 -0.175 0.000
-1.736 9.848 -4.473 17.366 -6.525 23.004 -0.175 -0.175 0.000
-2.588 9.659 -5.969 16.910 -8.505 22.348 -0.262 -0.175 0.000
-3.420 9.397 -7.420 16.325 -10.420 21.521 -0.349 -0.175 0.000
-4.226 9.063 -8.815 15.616 -12.256 20.531 -0.436 -0.175 0.000
-5.000 8.660 -10.142 14.789 -13.999 19.385 -0.524 -0.175 0.000
-5.000 8.660 -10.142 14.789 -13.584 19.704 -0.524 -0.175 0.087
-5.000 8.660 -10.142 14.789 -13.142 19.985 -0.524 -0.175 0.175
-5.000 8.660 -10.142 14.789 -12.678 20.226 -0.524 -0.175 0.262
-5.736 8.192 -11.393 13.848 -14.393 19.045 -0.611 -0.175 0.262
-6.428 7.660 -12.556 12.803 -15.998 17.718 -0.698 -0.175 0.262
-7.071 7.071 -13.624 11.660 -17.481 16.256 -0.785 -0.175 0.262
-7.660 6.428 -14.589 10.428 -18.831 14.671 -0.873 -0.175 0.262
-7.660 6.428 -14.589 10.428 -18.445 15.024 -0.873 -0.175 0.349
-7.660 6.428 -14.589 10.428 -18.030 15.343 -0.873 -0.175 0.436
-7.660 6.428 -14.589 10.428 -17.589 15.624 -0.873 -0.175 0.524
-7.660 6.428 -14.589 10.428 -17.124 15.866 -0.873 -0.175 0.611
-7.660 6.428 -14.589 10.428 -16.641 16.066 -0.873 -0.175 0.698
-7.660 6.428 -14.589 10.428 -16.142 16.223 -0.873 -0.175 0.785
-7.660 6.428 -14.589 10.428 -15.631 16.337 -0.873 -0.175 0.873
-7.660 6.428 -14.589 10.428 -15.112 16.405 -0.873 -0.175 0.960
-7.660 6.428 -14.589 10.428 -14.589 16.428 -0.873 -0.175 1.047
-7.660 6.428 -14.911 9.809 -15.434 15.786 -0.873 -0.262 1.047
-7.660 6.428 -15.178 9.164 -16.220 15.073 -0.873 -0.349 1.047
-7.660 6.428 -15.388 8.498 -16.941 14.294 -0.873 -0.436 1.047
-7.071 7.071 -14.589 9.807 -15.630 15.716 -0.785 -0.436 1.047
-6.428 7.660 -13.678 11.041 -14.201 17.019 -0.698 -0.436 1.047
-5.736 8.192 -12.664 12.192 -12.664 18.192 -0.611 -0.436 1.047
-5.000 8.660 -11.553 13.249 -11.030 19.226 -0.524 -0.436 1.047
-4.226 9.063 -10.355 14.205 -9.313 20.114 -0.436 -0.436 1.047
-3.420 9.397 -9.077 15.054 -7.524 20.849 -0.349 -0.436 1.047
-2.588 9.659 -7.730 15.788 -5.678 21.426 -0.262 -0.436 1.047
-1.736 9.848 -6.325 16.401 -3.789 21.839 -0.175 -0.436 1.047
-1.736 9.848 -5.736 16.776 -2.736 21.972 -0.175 -0.349 1.047
-1.736 9.848 -5.117 17.099 -1.676 22.013 -0.175 -0.262 1.047
-1.736 9.848 -4.473 17.366 -0.616 21.962 -0.175 -0.175 1.047
-1.736 9.848 -3.807 17.575 0.436 21.818 -0.175 -0.087 1.047
-0.872 9.962 -2.261 17.840 2.336 21.697 -0.087 -0.087 1.047
-0.000 10.000 -0.697 17.970 4.218 21.411 -0.000 -0.087 1.047
0.872 9.962 0.872 17.962 6.068 20.962 0.087 -0.087 1.047
0.872 9.962 1.569 17.932 7.007 20.467 0.087 0.000 1.047
0.872 9.962 2.261 17.840 7.899 19.893 0.087 0.087 1.047
0.872 9.962 2.942 17.689 8.738 19.242 0.087 0.175 1.047
0.872 9.962 2.261 17.840 7.899 19.893 0.087 0.087 1.047
0.872 9.962 1.569 17.932 7.007 20.467 0.087 0.000 1.047
0.872 9.962 0.872 17.962 6.068 20.962 0.087 -0.087 1.047
0.872 9.962 0.174 17.932 5.089 21.373 0.087 -0.175 1.047