#a1_X a1_Y a2_X a2_Y a3_X a3_Y j_1 j_2 j_3
0.000 10.000 0.000 18.000 0.523 23.977 0.000 0.000 0.087
0.000 10.000 0.000 18.000 1.042 23.909 0.000 0.000 0.175
0.000 10.000 0.000 18.000 1.553 23.796 0.000 0.000 0.262
0.000 10.000 0.000 18.000 1.042 23.909 0.000 0.000 0.175
0.000 10.000 0.000 18.000 0.523 23.977 0.000 0.000 0.087
0.000 10.000 0.000 18.000 -0.000 24.000 0.000 0.000 -0.000
0.000 10.000 0.000 18.000 -0.523 23.977 0.000 0.000 -0.087
0.000 10.000 0.000 18.000 -1.042 23.909 0.000 0.000 -0.175
0.000 10.000 0.000 18.000 -1.553 23.796 0.000 0.000 -0.262
0.000 10.000 0.000 18.000 -2.052 23.638 0.000 0.000 -0.349
0.000 10.000 0.000 18.000 -2.536 23.438 0.000 0.000 -0.436
0.000 10.000 0.000 18.000 -3.000 23.196 0.000 0.000 -0.524
0.000 10.000 0.000 18.000 -3.441 22.915 0.000 0.000 -0.611
0.000 10.000 0.000 18.000 -3.857 22.596 0.000 0.000 -0.698
0.000 10.000 0.000 18.000 -4.243 22.243 0.000 0.000 -0.785
0.000 10.000 0.000 18.000 -4.596 21.857 0.000 0.000 -0.873
0.000 10.000 0.000 18.000 -4.915 21.441 0.000 0.000 -0.960
0.000 10.000 0.000 18.000 -5.196 21.000 0.000 0.000 -1.047
0.000 10.000 0.000 18.000 -5.438 20.536 0.000 0.000 -1.134
0.000 10.000 0.000 18.000 -5.638 20.052 0.000 0.000 -1.222
0.000 10.000 0.000 18.000 -5.796 19.553 0.000 0.000 -1.309
0.000 10.000 0.000 18.000 -5.909 19.042 0.000 0.000 -1.396
0.000 10.000 0.000 18.000 -5.977 18.523 0.000 0.000 -1.484
0.000 10.000 0.000 18.000 -6.000 18.000 0.000 0.000 -1.571
-0.872 9.962 -1.569 17.932 -7.546 17.409 -0.087 0.000 -1.571
-1.736 9.848 -3.126 17.727 -9.035 16.685 -0.175 0.000 -1.571
-2.588 9.659 -4.659 17.387 -10.454 15.834 -0.262 0.000 -1.571
-3.420 9.397 -6.156 16.914 -11.795 14.862 -0.349 0.000 -1.571
-2.588 9.659 -4.659 17.387 -10.454 15.834 -0.262 0.000 -1.571
-1.736 9.848 -3.126 17.727 -9.035 16.685 -0.175 0.000 -1.571
-0.872 9.962 -1.569 17.932 -7.546 17.409 -0.087 0.000 -1.571
0.000 10.000 0.000 18.000 -6.000 18.000 0.000 0.000 -1.571
0.872 9.962 1.569 17.932 -4.408 18.454 0.087 0.000 -1.571
0.872 9.962 1.569 17.932 -4.340 18.973 0.087 0.000 -1.484
0.872 9.962 1.569 17.932 -4.227 19.484 0.087 0.000 -1.396
0.872 9.962 1.569 17.932 -4.069 19.984 0.087 0.000 -1.309
0.872 9.962 1.569 17.932 -3.869 20.467 0.087 0.000 -1.222
0.872 9.962 1.569 17.932 -3.627 20.932 0.087 0.000 -1.134
0.872 9.962 1.569 17.932 -3.346 21.373 0.087 0.000 -1.047
0.872 9.962 1.569 17.932 -3.027 21.788 0.087 0.000 -0.960
0.872 9.962 1.569 17.932 -2.674 22.174 0.087 0.000 -0.873
0.872 9.962 1.569 17.932 -2.288 22.528 0.087 0.000 -0.785
0.872 9.962 1.569 17.932 -1.873 22.846 0.087 0.000 -0.698
0.872 9.962 1.569 17.932 -1.431 23.128 0.087 0.000 -0.611
0.872 9.962 1.569 17.932 -0.967 23.369 0.087 0.000 -0.524
0.872 9.962 1.569 17.932 -1.431 23.128 0.087 0.000 -0.611
0.872 9.962 1.569 17.932 -1.873 22.846 0.087 0.000 -0.698
0.872 9.962 1.569 17.932 -2.288 22.528 0.087 0.000 -0.785
0.872 9.962 1.569 17.932 -2.674 22.174 0.087 0.000 -0.873
0.872 9.962 1.569 17.932 -2.288 22.528 0.087 0.000 -0.785
0.872 9.962 1.569 17.932 -1.873 22.846 0.087 0.000 -0.698
0.872 9.962 1.569 17.932 -1.431 23.128 0.087 0.000 -0.611
0.872 9.962 1.569 17.932 -0.967 23.369 0.087 0.000 -0.524
0.872 9.962 1.569 17.932 -0.483 23.570 0.087 0.000 -0.436
0.872 9.962 1.569 17.932 0.016 23.727 0.087 0.000 -0.349
0.872 9.962 1.569 17.932 0.527 23.840 0.087 0.000 -0.262
0.872 9.962 1.569 17.932 1.046 23.909 0.087 0.000 -0.175
0.872 9.962 1.569 17.932 1.569 23.932 0.087 0.000 -0.087
0.872 9.962 1.569 17.932 2.092 23.909 0.087 0.000 -0.000
0.872 9.962 1.569 17.932 2.611 23.840 0.087 0.000 0.087
0.872 9.962 1.569 17.932 3.122 23.727 0.087 0.000 0.175
0.872 9.962 2.261 17.840 4.313 23.479 0.087 0.087 0.175
0.872 9.962 2.942 17.689 5.478 23.127 0.087 0.175 0.175
0.872 9.962 2.942 17.689 5.942 22.886 0.087 0.175 0.262
0.872 9.962 2.942 17.689 6.384 22.604 0.087 0.175 0.349
0.872 9.962 2.942 17.689 6.799 22.286 0.087 0.175 0.436
0.872 9.962 2.942 17.689 7.185 21.932 0.087 0.175 0.524
0.872 9.962 2.942 17.689 7.538 21.546 0.087 0.175 0.611
0.872 9.962 2.942 17.689 7.857 21.131 0.087 0.175 0.698
0.000 10.000 1.389 17.878 5.985 21.735 0.000 0.175 0.698
-0.872 9.962 -0.174 17.932 4.068 22.174 -0.087 0.175 0.698
-1.736 9.848 -1.736 17.848 2.120 22.444 -0.175 0.175 0.698
-2.588 9.659 -3.285 17.629 0.156 22.544 -0.262 0.175 0.698
-3.420 9.397 -4.809 17.275 -1.809 22.472 -0.349 0.175 0.698
-4.226 9.063 -6.297 16.790 -3.761 22.228 -0.436 0.175 0.698
-5.000 8.660 -7.736 16.178 -5.684 21.816 -0.524 0.175 0.698
-5.736 8.192 -9.117 15.442 -7.564 21.238 -0.611 0.175 0.698
-6.428 7.660 -10.428 14.589 -9.386 20.497 -0.698 0.175 0.698
-7.071 7.071 -11.660 13.624 -11.137 19.601 -0.785 0.175 0.698
-7.660 6.428 -12.803 12.556 -12.803 18.556 -0.873 0.175 0.698
-8.192 5.736 -13.848 11.393 -14.371 17.370 -0.960 0.175 0.698
-8.660 5.000 -14.789 10.142 -15.830 16.051 -1.047 0.175 0.698
-9.063 4.226 -15.616 8.815 -17.169 14.610 -1.134 0.175 0.698
-9.063 4.226 -15.616 8.815 -16.658 14.724 -1.134 0.175 0.785
-9.063 4.226 -15.616 8.815 -16.139 14.792 -1.134 0.175 0.873
-9.063 4.226 -15.616 8.815 -15.616 14.815 -1.134 0.175 0.960
-9.063 4.226 -15.616 8.815 -15.093 14.792 -1.134 0.175 1.047
-9.063 4.226 -15.616 8.815 -14.574 14.724 -1.134 0.175 1.134
-9.063 4.226 -15.616 8.815 -14.063 14.610 -1.134 0.175 1.222
-9.063 4.226 -15.616 8.815 -13.564 14.453 -1.134 0.175 1.309
-9.063 4.226 -15.616 8.815 -13.081 14.253 -1.134 0.175 1.396
-9.063 4.226 -15.616 8.815 -12.616 14.011 -1.134 0.175 1.484
-9.063 4.226 -15.616 8.815 -12.175 13.730 -1.134 0.175 1.571
-9.063 4.226 -15.991 8.226 -12.991 13.422 -1.134 0.087 1.571
-9.063 4.226 -15.616 8.815 -12.175 13.730 -1.134 0.175 1.571
-9.063 4.226 -15.191 9.368 -11.335 13.965 -1.134 0.262 1.571
-9.063 4.226 -14.720 9.883 -10.477 14.126 -1.134 0.349 1.571
-9.063 4.226 -14.205 10.355 -9.609 14.211 -1.134 0.436 1.571
-9.397 3.420 -15.054 9.077 -10.811 13.320 -1.222 0.436 1.571
-9.659 2.588 -15.788 7.730 -11.931 12.327 -1.309 0.436 1.571
-9.659 2.588 -15.316 8.245 -11.073 12.488 -1.309 0.524 1.571
-9.659 2.588 -14.802 8.717 -10.205 12.573 -1.309 0.611 1.571
-9.659 2.588 -14.248 9.141 -9.333 12.583 -1.309 0.698 1.571
-9.659 2.588 -13.659 9.516 -8.463 12.516 -1.309 0.785 1.571
-9.659 2.588 -13.040 9.839 -7.602 12.374 -1.309 0.873 1.571
-9.659 2.588 -12.395 10.106 -6.757 12.158 -1.309 0.960 1.571
-9.659 2.588 -11.730 10.316 -5.934 11.869 -1.309 1.047 1.571
-9.659 2.588 -11.048 10.467 -5.140 11.509 -1.309 1.134 1.571
-9.659 2.588 -10.357 10.558 -4.379 11.081 -1.309 1.222 1.571
-9.659 2.588 -9.659 10.588 -3.659 10.588 -1.309 1.309 1.571
-9.659 2.588 -8.962 10.558 -2.985 10.035 -1.309 1.396 1.571
-9.659 2.588 -8.270 10.467 -2.361 9.425 -1.309 1.484 1.571
-9.659 2.588 -7.589 10.316 -1.793 8.763 -1.309 1.571 1.571
-9.659 2.588 -6.923 10.106 -1.285 8.054 -1.309 1.658 1.571
-9.659 2.588 -6.278 9.839 -0.840 7.303 -1.309 1.745 1.571
-9.659 2.588 -5.659 9.516 -0.463 6.516 -1.309 1.833 1.571
-9.659 2.588 -5.071 9.141 -0.156 5.700 -1.309 1.920 1.571
-9.397 3.420 -4.255 9.549 0.342 5.692 -1.222 1.920 1.571
-9.063 4.226 -3.406 9.883 0.836 5.640 -1.134 1.920 1.571
-8.660 5.000 -2.532 10.142 1.325 5.546 -1.047 1.920 1.571
-8.192 5.736 -1.638 10.324 1.803 5.409 -0.960 1.920 1.571
-7.660 6.428 -0.732 10.428 2.268 5.232 -0.873 1.920 1.571
-7.071 7.071 0.179 10.452 2.715 5.014 -0.785 1.920 1.571
-6.428 7.660 1.090 10.397 3.142 4.758 -0.698 1.920 1.571
-5.736 8.192 1.992 10.262 3.545 4.467 -0.611 1.920 1.571
-5.000 8.660 2.878 10.049 3.920 4.141 -0.524 1.920 1.571
-4.226 9.063 3.743 9.760 4.266 3.783 -0.436 1.920 1.571
-4.226 9.063 3.774 9.063 3.774 3.063 -0.436 2.007 1.571
-4.226 9.063 3.743 8.366 3.220 2.389 -0.436 2.094 1.571