#a1_X a1_Y a2_X a2_Y a3_X a3_Y j_1 j_2 j_3
0.000 10.000 0.000 18.000 -0.523 23.977 0.000 0.000 -0.087
0.000 10.000 0.000 18.000 -1.042 23.909 0.000 0.000 -0.175
0.000 10.000 0.000 18.000 -1.553 23.796 0.000 0.000 -0.262
0.000 10.000 0.000 18.000 -2.052 23.638 0.000 0.000 -0.349
0.000 10.000 0.000 18.000 -2.536 23.438 0.000 0.000 -0.436
0.000 10.000 0.000 18.000 -3.000 23.196 0.000 0.000 -0.524
0.000 10.000 0.000 18.000 -3.441 22.915 0.000 0.000 -0.611
0.000 10.000 0.000 18.000 -3.857 22.596 0.000 0.000 -0.698
0.000 10.000 0.000 18.000 -4.243 22.243 0.000 0.000 -0.785
0.000 10.000 0.000 18.000 -4.596 21.857 0.000 0.000 -0.873
0.000 10.000 0.000 18.000 -4.915 21.441 0.000 0.000 -0.960
0.000 10.000 0.000 18.000 -5.196 21.000 0.000 0.000 -1.047
0.000 10.000 0.000 18.000 -5.438 20.536 0.000 0.000 -1.134
0.000 10.000 0.000 18.000 -5.638 20.052 0.000 0.000 -1.222
0.000 10.000 0.000 18.000 -5.796 19.553 0.000 0.000 -1.309
0.000 10.000 0.000 18.000 -5.909 19.042 0.000 0.000 -1.396
0.000 10.000 0.000 18.000 -5.977 18.523 0.000 0.000 -1.484
0.000 10.000 0.000 18.000 -6.000 18.000 0.000 0.000 -1.571
0.000 10.000 -0.697 17.970 -6.674 17.447 0.000 -0.087 -1.571
0.000 10.000 -1.389 17.878 -7.298 16.837 0.000 -0.175 -1.571
0.000 10.000 -2.071 17.727 -7.866 16.174 0.000 -0.262 -1.571
0.000 10.000 -2.736 17.518 -8.374 15.465 0.000 -0.349 -1.571
0.000 10.000 -3.381 17.250 -8.819 14.715 0.000 -0.436 -1.571
0.000 10.000 -4.000 16.928 -9.196 13.928 0.000 -0.524 -1.571
0.000 10.000 -4.589 16.553 -9.504 13.112 0.000 -0.611 -1.571
-0.872 9.962 -6.014 16.090 -10.610 12.234 -0.087 -0.611 -1.571
-1.736 9.848 -7.393 15.505 -11.636 11.262 -0.175 -0.611 -1.571
-2.588 9.659 -8.717 14.802 -12.573 10.205 -0.262 -0.611 -1.571
-3.420 9.397 -9.973 13.986 -13.415 9.071 -0.349 -0.611 -1.571
-4.226 9.063 -11.154 13.063 -14.154 7.867 -0.436 -0.611 -1.571
-5.000 8.660 -12.250 12.041 -14.786 6.603 -0.524 -0.611 -1.571
-5.736 8.192 -13.253 10.928 -15.305 5.290 -0.611 -0.611 -1.571
-6.428 7.660 -14.155 9.731 -15.708 3.935 -0.698 -0.611 -1.571
-7.071 7.071 -14.950 8.460 -15.991 2.551 -0.785 -0.611 -1.571
-7.660 6.428 -15.630 7.125 -16.153 1.148 -0.873 -0.611 -1.571
-7.071 7.071 -14.950 8.460 -15.991 2.551 -0.785 -0.611 -1.571
-6.428 7.660 -14.155 9.731 -15.708 3.935 -0.698 -0.611 -1.571
-5.736 8.192 -13.253 10.928 -15.305 5.290 -0.611 -0.611 -1.571
-5.000 8.660 -12.250 12.041 -14.786 6.603 -0.524 -0.611 -1.571
-4.226 9.063 -11.154 13.063 -14.154 7.867 -0.436 -0.611 -1.571
-3.420 9.397 -9.973 13.986 -13.415 9.071 -0.349 -0.611 -1.571
-2.588 9.659 -8.717 14.802 -12.573 10.205 -0.262 -0.611 -1.571
-1.736 9.848 -7.393 15.505 -11.636 11.262 -0.175 -0.611 -1.571
-0.872 9.962 -6.014 16.090 -10.610 12.234 -0.087 -0.611 -1.571
0.000 10.000 -4.589 16.553 -9.504 13.112 0.000 -0.611 -1.571
0.872 9.962 -3.128 16.890 -8.325 13.890 0.087 -0.611 -1.571
1.736 9.848 -1.644 17.099 -7.082 14.563 0.175 -0.611 -1.571
2.588 9.659 -0.148 17.177 -5.786 15.125 0.262 -0.611 -1.571
2.588 9.659 0.518 17.387 -5.278 15.834 0.262 -0.524 -1.571
2.588 9.659 -0.148 17.177 -5.786 15.125 0.262 -0.611 -1.571
2.588 9.659 -0.793 16.910 -6.231 14.374 0.262 -0.698 -1.571
2.588 9.659 -1.412 16.587 -6.608 13.587 0.262 -0.785 -1.571
2.588 9.659 -2.000 16.212 -6.915 12.771 0.262 -0.873 -1.571
2.588 9.659 -2.554 15.788 -7.150 11.931 0.262 -0.960 -1.571
2.588 9.659 -3.069 15.316 -7.311 11.073 0.262 -1.047 -1.571
2.588 9.659 -3.540 14.802 -7.397 10.205 0.262 -1.134 -1.571
2.588 9.659 -3.965 14.248 -7.406 9.333 0.262 -1.222 -1.571
2.588 9.659 -4.340 13.659 -7.340 8.463 0.262 -1.309 -1.571
3.420 9.397 -3.133 13.986 -6.574 9.071 0.349 -1.309 -1.571
4.226 9.063 -1.902 14.205 -5.759 9.609 0.436 -1.309 -1.571
5.000 8.660 -0.657 14.317 -4.899 10.074 0.524 -1.309 -1.571
5.000 8.660 -1.128 13.803 -4.985 9.206 0.524 -1.396 -1.571
5.000 8.660 -1.553 13.249 -4.995 8.334 0.524 -1.484 -1.571
5.000 8.660 -1.928 12.660 -4.928 7.464 0.524 -1.571 -1.571
5.000 8.660 -2.250 12.041 -4.786 6.603 0.524 -1.658 -1.571
5.000 8.660 -2.518 11.396 -4.570 5.758 0.524 -1.745 -1.571
5.000 8.660 -2.727 10.731 -4.280 4.935 0.524 -1.833 -1.571
5.000 8.660 -2.878 10.049 -3.920 4.141 0.524 -1.920 -1.571
5.000 8.660 -2.727 10.731 -4.280 4.935 0.524 -1.833 -1.571
5.000 8.660 -2.518 11.396 -4.570 5.758 0.524 -1.745 -1.571
5.000 8.660 -2.250 12.041 -4.786 6.603 0.524 -1.658 -1.571
5.000 8.660 -1.928 12.660 -4.928 7.464 0.524 -1.571 -1.571
5.000 8.660 -2.250 12.041 -4.786 6.603 0.524 -1.658 -1.571
5.000 8.660 -2.518 11.396 -4.570 5.758 0.524 -1.745 -1.571
5.000 8.660 -2.727 10.731 -4.280 4.935 0.524 -1.833 -1.571
5.000 8.660 -2.878 10.049 -3.920 4.141 0.524 -1.920 -1.571
5.000 8.660 -2.970 9.357 -3.492 3.380 0.524 -2.007 -1.571
5.000 8.660 -3.000 8.660 -3.000 2.660 0.524 -2.094 -1.571
5.000 8.660 -3.000 8.660 -3.523 2.683 0.524 -2.094 -1.484
5.000 8.660 -3.000 8.660 -4.042 2.751 0.524 -2.094 -1.396
5.000 8.660 -3.000 8.660 -4.553 2.865 0.524 -2.094 -1.309
5.000 8.660 -3.000 8.660 -5.052 3.022 0.524 -2.094 -1.222
5.000 8.660 -3.000 8.660 -5.536 3.222 0.524 -2.094 -1.134
5.000 8.660 -3.000 8.660 -6.000 3.464 0.524 -2.094 -1.047
5.000 8.660 -3.000 8.660 -6.441 3.745 0.524 -2.094 -0.960
5.736 8.192 -2.234 8.889 -6.091 4.292 0.611 -2.094 -0.960
6.428 7.660 -1.451 9.050 -5.693 4.807 0.698 -2.094 -0.960
7.071 7.071 -0.656 9.142 -5.253 5.285 0.785 -2.094 -0.960
7.660 6.428 0.143 9.164 -4.772 5.723 0.873 -2.094 -0.960
8.192 5.736 0.941 9.117 -4.255 6.117 0.960 -2.094 -0.960
8.660 5.000 1.732 9.000 -3.706 6.464 1.047 -2.094 -0.960
8.660 5.000 1.732 9.000 -3.464 6.000 1.047 -2.094 -1.047
8.660 5.000 1.732 9.000 -3.183 5.559 1.047 -2.094 -1.134
8.660 5.000 1.732 9.000 -2.864 5.143 1.047 -2.094 -1.222
8.660 5.000 1.732 9.000 -2.511 4.757 1.047 -2.094 -1.309
8.660 5.000 1.732 9.000 -2.125 4.404 1.047 -2.094 -1.396
8.660 5.000 1.732 9.000 -2.511 4.757 1.047 -2.094 -1.309
8.660 5.000 1.732 9.000 -2.864 5.143 1.047 -2.094 -1.222
8.660 5.000 1.732 9.000 -3.183 5.559 1.047 -2.094 -1.134
8.660 5.000 1.732 9.000 -3.464 6.000 1.047 -2.094 -1.047
8.660 5.000 1.732 9.000 -3.706 6.464 1.047 -2.094 -0.960
8.660 5.000 1.732 9.000 -3.906 6.948 1.047 -2.094 -0.873
8.660 5.000 1.732 9.000 -4.064 7.447 1.047 -2.094 -0.785
8.660 5.000 1.732 9.000 -4.177 7.958 1.047 -2.094 -0.698
8.660 5.000 1.732 9.000 -4.245 8.477 1.047 -2.094 -0.611
8.660 5.000 1.732 9.000 -4.268 9.000 1.047 -2.094 -0.524
8.660 5.000 1.732 9.000 -4.245 9.523 1.047 -2.094 -0.436
8.660 5.000 1.732 9.000 -4.177 10.042 1.047 -2.094 -0.349
8.660 5.000 1.732 9.000 -4.064 10.553 1.047 -2.094 -0.262
8.660 5.000 1.732 9.000 -3.906 11.052 1.047 -2.094 -0.175
8.660 5.000 1.732 9.000 -3.706 11.536 1.047 -2.094 -0.087
8.660 5.000 1.732 9.000 -3.464 12.000 1.047 -2.094 -0.000
8.660 5.000 1.732 9.000 -3.183 12.441 1.047 -2.094 0.087
8.660 5.000 1.732 9.000 -2.864 12.857 1.047 -2.094 0.175
8.660 5.000 1.732 9.000 -2.511 13.243 1.047 -2.094 0.262
8.660 5.000 1.732 9.000 -2.125 13.596 1.047 -2.094 0.349
8.660 5.000 1.732 9.000 -1.709 13.915 1.047 -2.094 0.436
8.660 5.000 1.732 9.000 -1.268 14.196 1.047 -2.094 0.524