#a1_X a1_Y a2_X a2_Y a3_X a3_Y j_1 j_2 j_3
-0.872 9.962 -1.569 17.932 -2.092 23.909 -0.087 0.000 0.000
-1.736 9.848 -3.126 17.727 -4.168 23.635 -0.175 0.000 0.000
-2.588 9.659 -4.659 17.387 -6.212 23.182 -0.262 0.000 0.000
-2.588 9.659 -5.324 17.177 -7.376 22.815 -0.262 -0.087 0.000
-2.588 9.659 -5.969 16.910 -8.505 22.348 -0.262 -0.175 0.000
-2.588 9.659 -6.588 16.587 -9.588 21.784 -0.262 -0.262 0.000
-2.588 9.659 -7.177 16.212 -10.618 21.127 -0.262 -0.349 0.000
-2.588 9.659 -7.730 15.788 -11.587 20.384 -0.262 -0.436 0.000
-2.588 9.659 -8.245 15.316 -12.488 19.559 -0.262 -0.524 0.000
-2.588 9.659 -8.717 14.802 -13.313 18.658 -0.262 -0.611 0.000
-2.588 9.659 -9.141 14.248 -14.056 17.689 -0.262 -0.698 0.000
-2.588 9.659 -9.516 13.659 -14.713 16.659 -0.262 -0.785 0.000
-1.736 9.848 -8.290 14.437 -13.205 17.878 -0.175 -0.785 0.000
-0.872 9.962 -7.000 15.104 -11.596 18.961 -0.087 -0.785 0.000
0.000 10.000 -5.657 15.657 -9.899 19.899 0.000 -0.785 0.000
0.872 9.962 -4.271 16.090 -8.127 20.687 0.087 -0.785 0.000
0.872 9.962 -4.271 16.090 -7.712 21.005 0.087 -0.785 0.087
0.872 9.962 -4.271 16.090 -7.271 21.286 0.087 -0.785 0.175
0.872 9.962 -4.271 16.090 -6.806 21.528 0.087 -0.785 0.262
0.872 9.962 -4.271 16.090 -6.323 21.728 0.087 -0.785 0.349
1.736 9.848 -2.852 16.401 -4.405 22.197 0.175 -0.785 0.349
2.588 9.659 -1.412 16.587 -2.454 22.496 0.262 -0.785 0.349
2.588 9.659 -1.412 16.587 -1.935 22.565 0.262 -0.785 0.436
2.588 9.659 -1.412 16.587 -1.412 22.587 0.262 -0.785 0.524
2.588 9.659 -1.412 16.587 -0.889 22.565 0.262 -0.785 0.611
2.588 9.659 -1.412 16.587 -0.370 22.496 0.262 -0.785 0.698
2.588 9.659 -1.412 16.587 0.141 22.383 0.262 -0.785 0.785
2.588 9.659 -1.412 16.587 0.640 22.226 0.262 -0.785 0.873
2.588 9.659 -1.412 16.587 1.124 22.025 0.262 -0.785 0.960
2.588 9.659 -1.412 16.587 0.640 22.226 0.262 -0.785 0.873
2.588 9.659 -1.412 16.587 0.141 22.383 0.262 -0.785 0.785
2.588 9.659 -1.412 16.587 -0.370 22.496 0.262 -0.785 0.698
2.588 9.659 -1.412 16.587 -0.889 22.565 0.262 -0.785 0.611
2.588 9.659 -1.412 16.587 -1.412 22.587 0.262 -0.785 0.524
2.588 9.659 -1.412 16.587 -1.935 22.565 0.262 -0.785 0.436
2.588 9.659 -1.412 16.587 -2.454 22.496 0.262 -0.785 0.349
2.588 9.659 -1.412 16.587 -2.965 22.383 0.262 -0.785 0.262
2.588 9.659 -1.412 16.587 -3.464 22.226 0.262 -0.785 0.175
2.588 9.659 -1.412 16.587 -3.948 22.025 0.262 -0.785 0.087
2.588 9.659 -1.412 16.587 -4.412 21.784 0.262 -0.785 -0.000
2.588 9.659 -1.412 16.587 -4.853 21.502 0.262 -0.785 -0.087
2.588 9.659 -1.412 16.587 -5.269 21.184 0.262 -0.785 -0.175
2.588 9.659 -1.412 16.587 -5.654 20.830 0.262 -0.785 -0.262
2.588 9.659 -1.412 16.587 -6.008 20.444 0.262 -0.785 -0.349
2.588 9.659 -1.412 16.587 -6.327 20.029 0.262 -0.785 -0.436
2.588 9.659 -1.412 16.587 -6.608 19.587 0.262 -0.785 -0.524
2.588 9.659 -1.412 16.587 -6.850 19.123 0.262 -0.785 -0.611
1.736 9.848 -2.852 16.401 -8.490 18.453 0.175 -0.785 -0.611
0.872 9.962 -4.271 16.090 -10.066 17.643 0.087 -0.785 -0.611
0.000 10.000 -5.657 15.657 -11.566 16.699 0.000 -0.785 -0.611
-0.872 9.962 -7.000 15.104 -12.977 15.627 -0.087 -0.785 -0.611
-1.736 9.848 -8.290 14.437 -14.290 14.437 -0.175 -0.785 -0.611
-2.588 9.659 -9.516 13.659 -15.494 13.136 -0.262 -0.785 -0.611
-3.420 9.397 -10.671 12.778 -16.580 11.736 -0.349 -0.785 -0.611
-4.226 9.063 -11.744 11.799 -17.539 10.246 -0.436 -0.785 -0.611
-3.420 9.397 -10.671 12.778 -16.580 11.736 -0.349 -0.785 -0.611
-2.588 9.659 -9.516 13.659 -15.494 13.136 -0.262 -0.785 -0.611
-1.736 9.848 -8.290 14.437 -14.290 14.437 -0.175 -0.785 -0.611
-0.872 9.962 -7.000 15.104 -12.977 15.627 -0.087 -0.785 -0.611
-0.872 9.962 -7.000 15.104 -12.909 16.146 -0.087 -0.785 -0.524
-0.872 9.962 -7.000 15.104 -12.795 16.657 -0.087 -0.785 -0.436
-0.872 9.962 -7.000 15.104 -12.638 17.156 -0.087 -0.785 -0.349
-0.872 9.962 -7.000 15.104 -12.438 17.640 -0.087 -0.785 -0.262
-0.872 9.962 -7.000 15.104 -12.196 18.104 -0.087 -0.785 -0.175
-0.872 9.962 -7.000 15.104 -11.915 18.546 -0.087 -0.785 -0.087
-0.872 9.962 -7.000 15.104 -11.596 18.961 -0.087 -0.785 -0.000
-0.872 9.962 -6.528 15.619 -10.771 19.861 -0.087 -0.698 -0.000
-0.872 9.962 -6.014 16.090 -9.871 20.687 -0.087 -0.611 -0.000
-0.872 9.962 -5.460 16.515 -8.902 21.430 -0.087 -0.524 -0.000
-0.872 9.962 -4.872 16.890 -7.872 22.086 -0.087 -0.436 -0.000
-0.872 9.962 -5.460 16.515 -8.902 21.430 -0.087 -0.524 -0.000
-0.872 9.962 -6.014 16.090 -9.871 20.687 -0.087 -0.611 -0.000
-0.872 9.962 -6.528 15.619 -10.771 19.861 -0.087 -0.698 -0.000
-0.872 9.962 -7.000 15.104 -11.596 18.961 -0.087 -0.785 -0.000
-0.872 9.962 -7.425 14.551 -12.340 17.992 -0.087 -0.873 -0.000
-1.736 9.848 -8.665 13.848 -13.861 16.848 -0.175 -0.873 -0.000
-2.588 9.659 -9.839 13.040 -15.276 15.576 -0.262 -0.873 -0.000
-3.420 9.397 -10.938 12.133 -16.576 14.185 -0.349 -0.873 -0.000
-4.226 9.063 -11.954 11.134 -17.749 12.687 -0.436 -0.873 -0.000
-3.420 9.397 -10.938 12.133 -16.576 14.185 -0.349 -0.873 -0.000
-2.588 9.659 -9.839 13.040 -15.276 15.576 -0.262 -0.873 -0.000
-1.736 9.848 -8.665 13.848 -13.861 16.848 -0.175 -0.873 -0.000
-0.872 9.962 -7.425 14.551 -12.340 17.992 -0.087 -0.873 -0.000
0.000 10.000 -6.128 15.142 -10.725 18.999 0.000 -0.873 -0.000
0.872 9.962 -4.785 15.619 -9.028 19.861 0.087 -0.873 -0.000
1.736 9.848 -3.406 15.976 -7.263 20.573 0.175 -0.873 -0.000
2.588 9.659 -2.000 16.212 -5.442 21.127 0.262 -0.873 -0.000
3.420 9.397 -0.580 16.325 -3.580 21.521 0.349 -0.873 -0.000
3.420 9.397 -0.580 16.325 -4.021 21.240 0.349 -0.873 -0.087
3.420 9.397 -0.580 16.325 -4.437 20.921 0.349 -0.873 -0.175
3.420 9.397 -0.580 16.325 -4.822 20.568 0.349 -0.873 -0.262
3.420 9.397 -0.580 16.325 -5.176 20.182 0.349 -0.873 -0.349
3.420 9.397 -0.580 16.325 -5.495 19.767 0.349 -0.873 -0.436
3.420 9.397 -0.580 16.325 -5.776 19.325 0.349 -0.873 -0.524
3.420 9.397 -0.580 16.325 -6.018 18.861 0.349 -0.873 -0.611
3.420 9.397 -0.580 16.325 -6.218 18.377 0.349 -0.873 -0.698
3.420 9.397 -0.580 16.325 -6.375 17.878 0.349 -0.873 -0.785
3.420 9.397 -0.580 16.325 -6.489 17.367 0.349 -0.873 -0.873
3.420 9.397 -0.580 16.325 -6.557 16.848 0.349 -0.873 -0.960
3.420 9.397 -0.580 16.325 -6.580 16.325 0.349 -0.873 -1.047
3.420 9.397 -0.580 16.325 -6.557 15.802 0.349 -0.873 -1.134
3.420 9.397 -0.580 16.325 -6.489 15.283 0.349 -0.873 -1.222
3.420 9.397 -0.580 16.325 -6.375 14.772 0.349 -0.873 -1.309
3.420 9.397 -0.580 16.325 -6.218 14.273 0.349 -0.873 -1.396
3.420 9.397 -0.580 16.325 -6.018 13.789 0.349 -0.873 -1.484
3.420 9.397 -0.580 16.325 -5.776 13.325 0.349 -0.873 -1.571
2.588 9.659 -2.000 16.212 -6.915 12.771 0.262 -0.873 -1.571
1.736 9.848 -3.406 15.976 -8.002 12.120 0.175 -0.873 -1.571
0.872 9.962 -4.785 15.619 -9.028 11.376 0.087 -0.873 -1.571
0.000 10.000 -6.128 15.142 -9.985 10.546 0.000 -0.873 -1.571
-0.872 9.962 -7.425 14.551 -10.866 9.636 -0.087 -0.873 -1.571
-1.736 9.848 -8.665 13.848 -11.665 8.652 -0.175 -0.873 -1.571
-2.588 9.659 -9.839 13.040 -12.374 7.602 -0.262 -0.873 -1.571
-3.420 9.397 -10.938 12.133 -12.990 6.495 -0.349 -0.873 -1.571
-4.226 9.063 -11.954 11.134 -13.507 5.338 -0.436 -0.873 -1.571
-5.000 8.660 -12.878 10.049 -13.920 4.141 -0.524 -0.873 -1.571
-5.736 8.192 -13.705 8.889 -14.228 2.912 -0.611 -0.873 -1.571
-6.428 7.660 -14.428 7.660 -14.428 1.660 -0.698 -0.873 -1.571
-7.071 7.071 -15.041 6.374 -14.518 0.397 -0.785 -0.873 -1.571
-6.428 7.660 -14.428 7.660 -14.428 1.660 -0.698 -0.873 -1.571
-5.736 8.192 -13.705 8.889 -14.228 2.912 -0.611 -0.873 -1.571
-5.000 8.660 -12.878 10.049 -13.920 4.141 -0.524 -0.873 -1.571
-4.226 9.063 -11.954 11.134 -13.507 5.338 -0.436 -0.873 -1.571
-3.420 9.397 -10.938 12.133 -12.990 6.495 -0.349 -0.873 -1.571
-2.588 9.659 -9.839 13.040 -12.374 7.602 -0.262 -0.873 -1.571
-2.588 9.659 -9.839 13.040 -12.839 7.844 -0.262 -0.873 -1.484
-2.588 9.659 -9.839 13.040 -13.280 8.125 -0.262 -0.873 -1.396
-2.588 9.659 -9.839 13.040 -13.695 8.444 -0.262 -0.873 -1.309
-2.588 9.659 -9.839 13.040 -14.081 8.798 -0.262 -0.873 -1.222
-2.588 9.659 -9.516 13.659 -14.113 9.803 -0.262 -0.785 -1.222
-2.588 9.659 -9.141 14.248 -14.056 10.806 -0.262 -0.698 -1.222
-2.588 9.659 -8.717 14.802 -13.913 11.802 -0.262 -0.611 -1.222
-2.588 9.659 -8.245 15.316 -13.683 12.780 -0.262 -0.524 -1.222
-2.588 9.659 -7.730 15.788 -13.369 13.735 -0.262 -0.436 -1.222
-2.588 9.659 -7.177 16.212 -12.972 14.660 -0.262 -0.349 -1.222
-2.588 9.659 -7.177 16.212 -12.815 14.160 -0.262 -0.349 -1.309
-2.588 9.659 -7.177 16.212 -12.615 13.677 -0.262 -0.349 -1.396
-2.588 9.659 -7.177 16.212 -12.373 13.212 -0.262 -0.349 -1.484
-2.588 9.659 -7.177 16.212 -12.092 12.771 -0.262 -0.349 -1.571
-2.588 9.659 -6.588 16.587 -11.784 13.587 -0.262 -0.262 -1.571
-2.588 9.659 -5.969 16.910 -11.407 14.374 -0.262 -0.175 -1.571
-2.588 9.659 -5.324 17.177 -10.963 15.125 -0.262 -0.087 -1.571
-2.588 9.659 -4.659 17.387 -10.454 15.834 -0.262 0.000 -1.571
-2.588 9.659 -3.977 17.538 -9.886 16.496 -0.262 0.087 -1.571
-2.588 9.659 -3.285 17.629 -9.263 17.106 -0.262 0.175 -1.571
-2.588 9.659 -2.588 17.659 -8.588 17.659 -0.262 0.262 -1.571
-2.588 9.659 -1.891 17.629 -7.868 18.152 -0.262 0.349 -1.571
-2.588 9.659 -1.199 17.538 -7.108 18.580 -0.262 0.436 -1.571
-2.588 9.659 -1.891 17.629 -7.868 18.152 -0.262 0.349 -1.571
-2.588 9.659 -2.588 17.659 -8.588 17.659 -0.262 0.262 -1.571
-2.588 9.659 -3.285 17.629 -9.263 17.106 -0.262 0.175 -1.571
-2.588 9.659 -3.977 17.538 -9.886 16.496 -0.262 0.087 -1.571
-2.588 9.659 -4.659 17.387 -10.454 15.834 -0.262 0.000 -1.571
-2.588 9.659 -5.324 17.177 -10.963 15.125 -0.262 -0.087 -1.571
-2.588 9.659 -5.969 16.910 -11.407 14.374 -0.262 -0.175 -1.571
-2.588 9.659 -6.588 16.587 -11.784 13.587 -0.262 -0.262 -1.571
-2.588 9.659 -7.177 16.212 -12.092 12.771 -0.262 -0.349 -1.571