#a1_X a1_Y a2_X a2_Y a3_X a3_Y j_1 j_2 j_3
0.000 10.000 -0.697 17.970 -1.220 23.947 0.000 -0.087 0.000
0.000 10.000 -1.389 17.878 -2.431 23.787 0.000 -0.175 0.000
0.000 10.000 -2.071 17.727 -3.623 23.523 0.000 -0.262 0.000
0.000 10.000 -2.736 17.518 -4.788 23.156 0.000 -0.349 0.000
0.000 10.000 -3.381 17.250 -5.917 22.688 0.000 -0.436 0.000
0.000 10.000 -4.000 16.928 -7.000 22.124 0.000 -0.524 0.000
0.000 10.000 -4.589 16.553 -8.030 21.468 0.000 -0.611 0.000
0.000 10.000 -5.142 16.128 -8.999 20.725 0.000 -0.698 0.000
0.000 10.000 -5.657 15.657 -9.899 19.899 0.000 -0.785 0.000
0.000 10.000 -6.128 15.142 -10.725 18.999 0.000 -0.873 0.000
0.000 10.000 -6.553 14.589 -11.468 18.030 0.000 -0.960 0.000
0.000 10.000 -6.928 14.000 -12.124 17.000 0.000 -1.047 0.000
0.000 10.000 -7.250 13.381 -12.688 15.917 0.000 -1.134 0.000
0.000 10.000 -7.518 12.736 -13.156 14.788 0.000 -1.222 0.000
0.000 10.000 -7.727 12.071 -13.523 13.623 0.000 -1.309 0.000
0.000 10.000 -7.878 11.389 -13.787 12.431 0.000 -1.396 0.000
0.000 10.000 -7.970 10.697 -13.947 11.220 0.000 -1.484 0.000
0.000 10.000 -8.000 10.000 -14.000 10.000 0.000 -1.571 0.000
0.000 10.000 -8.000 10.000 -13.977 10.523 0.000 -1.571 0.087
0.000 10.000 -8.000 10.000 -13.909 11.042 0.000 -1.571 0.175
0.000 10.000 -8.000 10.000 -13.796 11.553 0.000 -1.571 0.262
0.000 10.000 -8.000 10.000 -13.638 12.052 0.000 -1.571 0.349
0.872 9.962 -7.098 10.659 -12.536 13.195 0.087 -1.571 0.349
1.736 9.848 -6.142 11.237 -11.338 14.237 0.175 -1.571 0.349
2.588 9.659 -5.139 11.730 -10.054 15.171 0.262 -1.571 0.349
3.420 9.397 -4.097 12.133 -8.694 15.990 0.349 -1.571 0.349
4.226 9.063 -3.024 12.444 -7.267 16.687 0.436 -1.571 0.349
4.226 9.063 -2.702 13.063 -6.559 17.659 0.436 -1.484 0.349
4.226 9.063 -2.327 13.652 -5.768 18.567 0.436 -1.396 0.349
4.226 9.063 -1.902 14.205 -4.902 19.402 0.436 -1.309 0.349
4.226 9.063 -1.431 14.720 -3.966 20.158 0.436 -1.222 0.349
4.226 9.063 -0.916 15.191 -2.968 20.830 0.436 -1.134 0.349
3.420 9.397 -2.237 15.054 -4.772 20.492 0.349 -1.134 0.349
2.588 9.659 -3.540 14.802 -6.540 19.998 0.262 -1.134 0.349
1.736 9.848 -4.817 14.437 -8.258 19.352 0.175 -1.134 0.349
0.872 9.962 -6.057 13.962 -9.913 18.558 0.087 -1.134 0.349
-0.000 10.000 -7.250 13.381 -11.493 17.624 -0.000 -1.134 0.349
-0.872 9.962 -8.389 12.698 -12.985 16.555 -0.087 -1.134 0.349
-1.736 9.848 -9.464 11.919 -14.379 15.360 -0.175 -1.134 0.349
-1.736 9.848 -9.254 12.584 -13.850 16.441 -0.175 -1.047 0.349
-1.736 9.848 -8.987 13.229 -13.230 17.472 -0.175 -0.960 0.349
-1.736 9.848 -8.665 13.848 -12.521 18.444 -0.175 -0.873 0.349
-1.736 9.848 -8.290 14.437 -11.731 19.352 -0.175 -0.785 0.349
-1.736 9.848 -7.865 14.990 -10.865 20.187 -0.175 -0.698 0.349
-1.736 9.848 -7.393 15.505 -9.929 20.943 -0.175 -0.611 0.349
-1.736 9.848 -6.879 15.976 -8.931 21.615 -0.175 -0.524 0.349
-1.736 9.848 -6.325 16.401 -7.878 22.197 -0.175 -0.436 0.349
-1.736 9.848 -5.736 16.776 -6.778 22.685 -0.175 -0.349 0.349
-1.736 9.848 -5.117 17.099 -5.640 23.076 -0.175 -0.262 0.349
-1.736 9.848 -4.473 17.366 -4.473 23.366 -0.175 -0.175 0.349
-1.736 9.848 -3.807 17.575 -3.284 23.553 -0.175 -0.087 0.349
-1.736 9.848 -4.473 17.366 -4.473 23.366 -0.175 -0.175 0.349
-1.736 9.848 -5.117 17.099 -5.640 23.076 -0.175 -0.262 0.349
-1.736 9.848 -5.736 16.776 -6.778 22.685 -0.175 -0.349 0.349
-1.736 9.848 -6.325 16.401 -7.878 22.197 -0.175 -0.436 0.349
-1.736 9.848 -6.879 15.976 -8.931 21.615 -0.175 -0.524 0.349
-1.736 9.848 -7.393 15.505 -9.929 20.943 -0.175 -0.611 0.349
-0.872 9.962 -6.014 16.090 -8.066 21.728 -0.087 -0.611 0.349
-0.000 10.000 -4.589 16.553 -6.142 22.349 -0.000 -0.611 0.349
0.872 9.962 -3.128 16.890 -4.170 22.799 0.087 -0.611 0.349
1.736 9.848 -1.644 17.099 -2.167 23.076 0.175 -0.611 0.349
2.588 9.659 -0.148 17.177 -0.148 23.177 0.262 -0.611 0.349
2.588 9.659 -0.793 16.910 -1.316 22.887 0.262 -0.698 0.349
2.588 9.659 -1.412 16.587 -2.454 22.496 0.262 -0.785 0.349
2.588 9.659 -2.000 16.212 -3.553 22.008 0.262 -0.873 0.349
2.588 9.659 -2.554 15.788 -4.606 21.426 0.262 -0.960 0.349
3.420 9.397 -1.168 15.950 -2.721 21.746 0.349 -0.960 0.349
3.420 9.397 -1.168 15.950 -2.210 21.859 0.349 -0.960 0.436
3.420 9.397 -1.168 15.950 -1.691 21.927 0.349 -0.960 0.524
3.420 9.397 -1.168 15.950 -1.168 21.950 0.349 -0.960 0.611
3.420 9.397 -1.168 15.950 -0.645 21.927 0.349 -0.960 0.698
3.420 9.397 -1.168 15.950 -0.127 21.859 0.349 -0.960 0.785
3.420 9.397 -1.168 15.950 0.385 21.746 0.349 -0.960 0.873
3.420 9.397 -1.168 15.950 0.884 21.588 0.349 -0.960 0.960
3.420 9.397 -1.168 15.950 1.367 21.388 0.349 -0.960 1.047
3.420 9.397 -1.168 15.950 1.832 21.146 0.349 -0.960 1.134
3.420 9.397 -1.168 15.950 2.273 20.865 0.349 -0.960 1.222
3.420 9.397 -1.168 15.950 2.688 20.546 0.349 -0.960 1.309
3.420 9.397 -1.168 15.950 3.074 20.193 0.349 -0.960 1.396
3.420 9.397 -1.168 15.950 3.428 19.807 0.349 -0.960 1.484
3.420 9.397 -1.168 15.950 3.747 19.392 0.349 -0.960 1.571
3.420 9.397 -1.722 15.525 2.874 19.382 0.349 -1.047 1.571
3.420 9.397 -2.237 15.054 2.006 19.296 0.349 -1.134 1.571
3.420 9.397 -2.708 14.539 1.149 19.135 0.349 -1.222 1.571
4.226 9.063 -1.431 14.720 2.812 18.963 0.436 -1.222 1.571
4.226 9.063 -1.902 14.205 1.955 18.802 0.436 -1.309 1.571
4.226 9.063 -2.327 13.652 1.114 18.567 0.436 -1.396 1.571
4.226 9.063 -2.702 13.063 0.298 18.259 0.436 -1.484 1.571
4.226 9.063 -3.024 12.444 -0.489 17.882 0.436 -1.571 1.571
4.226 9.063 -3.291 11.799 -1.239 17.437 0.436 -1.658 1.571
4.226 9.063 -3.501 11.134 -1.948 16.929 0.436 -1.745 1.571
3.420 9.397 -4.458 10.786 -3.416 16.695 0.349 -1.745 1.571
2.588 9.659 -5.381 10.357 -4.858 16.334 0.262 -1.745 1.571
1.736 9.848 -6.264 9.848 -6.264 15.848 0.175 -1.745 1.571
0.872 9.962 -7.098 9.265 -7.621 15.242 0.087 -1.745 1.571
-0.000 10.000 -7.878 8.611 -8.920 14.520 -0.000 -1.745 1.571
-0.872 9.962 -8.599 7.891 -10.152 13.687 -0.087 -1.745 1.571
-1.736 9.848 -9.254 7.112 -11.306 12.750 -0.175 -1.745 1.571
-0.872 9.962 -8.599 7.891 -10.152 13.687 -0.087 -1.745 1.571
-0.000 10.000 -7.878 8.611 -8.920 14.520 -0.000 -1.745 1.571
0.872 9.962 -7.098 9.265 -7.621 15.242 0.087 -1.745 1.571
1.736 9.848 -6.264 9.848 -6.264 15.848 0.175 -1.745 1.571
2.588 9.659 -5.381 10.357 -4.858 16.334 0.262 -1.745 1.571
3.420 9.397 -4.458 10.786 -3.416 16.695 0.349 -1.745 1.571
4.226 9.063 -3.501 11.134 -1.948 16.929 0.436 -1.745 1.571
5.000 8.660 -2.518 11.396 -0.465 17.035 0.524 -1.745 1.571
5.736 8.192 -1.515 11.572 1.021 17.010 0.611 -1.745 1.571
5.000 8.660 -2.518 11.396 -0.465 17.035 0.524 -1.745 1.571
4.226 9.063 -3.501 11.134 -1.948 16.929 0.436 -1.745 1.571
3.420 9.397 -4.458 10.786 -3.416 16.695 0.349 -1.745 1.571
2.588 9.659 -5.381 10.357 -4.858 16.334 0.262 -1.745 1.571
1.736 9.848 -6.264 9.848 -6.264 15.848 0.175 -1.745 1.571
2.588 9.659 -5.381 10.357 -4.858 16.334 0.262 -1.745 1.571
3.420 9.397 -4.458 10.786 -3.416 16.695 0.349 -1.745 1.571
4.226 9.063 -3.501 11.134 -1.948 16.929 0.436 -1.745 1.571
5.000 8.660 -2.518 11.396 -0.465 17.035 0.524 -1.745 1.571
4.226 9.063 -3.501 11.134 -1.948 16.929 0.436 -1.745 1.571
3.420 9.397 -4.458 10.786 -3.416 16.695 0.349 -1.745 1.571
2.588 9.659 -5.381 10.357 -4.858 16.334 0.262 -1.745 1.571
3.420 9.397 -4.458 10.786 -3.416 16.695 0.349 -1.745 1.571
4.226 9.063 -3.501 11.134 -1.948 16.929 0.436 -1.745 1.571
5.000 8.660 -2.518 11.396 -0.465 17.035 0.524 -1.745 1.571
5.736 8.192 -1.515 11.572 1.021 17.010 0.611 -1.745 1.571
6.428 7.660 -0.500 11.660 2.500 16.857 0.698 -1.745 1.571
6.428 7.660 -0.823 11.041 1.713 16.479 0.698 -1.833 1.571
6.428 7.660 -1.090 10.397 0.962 16.035 0.698 -1.920 1.571
6.428 7.660 -1.300 9.731 0.253 15.527 0.698 -2.007 1.571
6.428 7.660 -1.451 9.050 -0.409 14.958 0.698 -2.094 1.571