#a1_X a1_Y a2_X a2_Y a3_X a3_Y j_1 j_2 j_3
0.000 10.000 -0.697 17.970 -1.220 23.947 0.000 -0.087 0.000
0.000 10.000 -1.389 17.878 -2.431 23.787 0.000 -0.175 0.000
0.000 10.000 -2.071 17.727 -3.623 23.523 0.000 -0.262 0.000
0.000 10.000 -2.736 17.518 -4.788 23.156 0.000 -0.349 0.000
0.872 9.962 -1.199 17.689 -2.752 23.485 0.087 -0.349 0.000
1.736 9.848 0.347 17.727 -0.695 23.635 0.175 -0.349 0.000
1.736 9.848 0.347 17.727 -1.206 23.522 0.175 -0.349 -0.087
1.736 9.848 0.347 17.727 -1.705 23.365 0.175 -0.349 -0.175
1.736 9.848 0.347 17.727 -2.188 23.164 0.175 -0.349 -0.262
1.736 9.848 0.347 17.727 -2.653 22.923 0.175 -0.349 -0.349
1.736 9.848 0.347 17.727 -3.094 22.641 0.175 -0.349 -0.436
1.736 9.848 0.347 17.727 -3.509 22.323 0.175 -0.349 -0.524
1.736 9.848 0.347 17.727 -3.895 21.969 0.175 -0.349 -0.611
1.736 9.848 0.347 17.727 -3.509 22.323 0.175 -0.349 -0.524
1.736 9.848 0.347 17.727 -3.094 22.641 0.175 -0.349 -0.436
1.736 9.848 0.347 17.727 -2.653 22.923 0.175 -0.349 -0.349
1.736 9.848 0.347 17.727 -2.188 23.164 0.175 -0.349 -0.262
1.736 9.848 0.347 17.727 -1.705 23.365 0.175 -0.349 -0.175
1.736 9.848 0.347 17.727 -1.206 23.522 0.175 -0.349 -0.087
1.736 9.848 0.347 17.727 -0.695 23.635 0.175 -0.349 0.000
1.736 9.848 0.347 17.727 -0.176 23.704 0.175 -0.349 0.087
1.736 9.848 0.347 17.727 0.347 23.727 0.175 -0.349 0.175
1.736 9.848 1.039 17.818 1.562 23.795 0.175 -0.262 0.175
1.736 9.848 1.736 17.848 2.778 23.757 0.175 -0.175 0.175
1.736 9.848 1.039 17.818 1.562 23.795 0.175 -0.262 0.175
1.736 9.848 0.347 17.727 0.347 23.727 0.175 -0.349 0.175
1.736 9.848 -0.334 17.575 -0.857 23.553 0.175 -0.436 0.175
1.736 9.848 -1.000 17.366 -2.042 23.274 0.175 -0.524 0.175
1.736 9.848 -1.644 17.099 -3.197 22.894 0.175 -0.611 0.175
1.736 9.848 -2.264 16.776 -4.316 22.414 0.175 -0.698 0.175
1.736 9.848 -2.852 16.401 -5.388 21.839 0.175 -0.785 0.175
1.736 9.848 -3.406 15.976 -6.406 21.173 0.175 -0.873 0.175
1.736 9.848 -3.920 15.505 -7.362 20.420 0.175 -0.960 0.175
1.736 9.848 -4.392 14.990 -8.249 19.587 0.175 -1.047 0.175
1.736 9.848 -4.817 14.437 -9.059 18.679 0.175 -1.134 0.175
1.736 9.848 -5.192 13.848 -9.788 17.705 0.175 -1.222 0.175
1.736 9.848 -5.514 13.229 -10.429 16.670 0.175 -1.309 0.175
1.736 9.848 -5.781 12.584 -10.977 15.584 0.175 -1.396 0.175
1.736 9.848 -5.991 11.919 -11.429 14.454 0.175 -1.484 0.175
1.736 9.848 -6.142 11.237 -11.780 13.289 0.175 -1.571 0.175
1.736 9.848 -6.233 10.545 -12.029 12.098 0.175 -1.658 0.175
1.736 9.848 -6.264 9.848 -12.172 10.890 0.175 -1.745 0.175
1.736 9.848 -6.233 9.151 -12.210 9.674 0.175 -1.833 0.175
1.736 9.848 -6.142 8.459 -12.142 8.459 0.175 -1.920 0.175
1.736 9.848 -5.991 7.778 -11.968 7.255 0.175 -2.007 0.175
1.736 9.848 -5.781 7.112 -11.690 6.070 0.175 -2.094 0.175
1.736 9.848 -5.781 7.112 -11.577 5.559 0.175 -2.094 0.087
1.736 9.848 -5.781 7.112 -11.419 5.060 0.175 -2.094 0.000
1.736 9.848 -5.781 7.112 -11.219 4.576 0.175 -2.094 -0.087
1.736 9.848 -5.781 7.112 -10.977 4.112 0.175 -2.094 -0.175
0.872 9.962 -6.379 6.581 -11.294 3.140 0.087 -2.094 -0.175
-0.000 10.000 -6.928 6.000 -11.524 2.143 -0.000 -2.094 -0.175
-0.872 9.962 -7.425 5.373 -11.667 1.131 -0.087 -2.094 -0.175
-0.872 9.962 -7.425 5.373 -12.021 1.517 -0.087 -2.094 -0.087
-0.872 9.962 -7.425 5.373 -12.340 1.932 -0.087 -2.094 0.000
-0.872 9.962 -7.425 5.373 -12.621 2.373 -0.087 -2.094 0.087
-0.872 9.962 -7.425 5.373 -12.863 2.838 -0.087 -2.094 0.175
-0.872 9.962 -7.425 5.373 -13.063 3.321 -0.087 -2.094 0.262
-0.872 9.962 -7.425 5.373 -13.220 3.820 -0.087 -2.094 0.349
-0.872 9.962 -7.425 5.373 -13.334 4.331 -0.087 -2.094 0.436
-0.872 9.962 -7.425 5.373 -13.402 4.850 -0.087 -2.094 0.524
-0.872 9.962 -7.425 5.373 -13.425 5.373 -0.087 -2.094 0.611
-0.872 9.962 -7.425 5.373 -13.402 5.896 -0.087 -2.094 0.698
-0.872 9.962 -7.425 5.373 -13.334 6.415 -0.087 -2.094 0.785
-0.872 9.962 -7.425 5.373 -13.220 6.926 -0.087 -2.094 0.873
-0.872 9.962 -7.425 5.373 -13.063 7.425 -0.087 -2.094 0.960
-0.872 9.962 -7.425 5.373 -12.863 7.909 -0.087 -2.094 1.047
-0.872 9.962 -7.425 5.373 -12.621 8.373 -0.087 -2.094 1.134
-0.872 9.962 -7.425 5.373 -12.340 8.815 -0.087 -2.094 1.222
-0.872 9.962 -7.425 5.373 -12.021 9.230 -0.087 -2.094 1.309
-0.872 9.962 -7.425 5.373 -11.667 9.616 -0.087 -2.094 1.396
-0.872 9.962 -7.425 5.373 -11.281 9.970 -0.087 -2.094 1.484
-0.872 9.962 -7.425 5.373 -10.866 10.288 -0.087 -2.094 1.571
-0.000 10.000 -6.928 6.000 -9.928 11.196 -0.000 -2.094 1.571
0.872 9.962 -6.379 6.581 -8.915 12.019 0.087 -2.094 1.571
1.736 9.848 -5.781 7.112 -7.833 12.750 0.175 -2.094 1.571
1.736 9.848 -5.781 7.112 -8.317 12.550 0.175 -2.094 1.484
1.736 9.848 -5.781 7.112 -8.781 12.308 0.175 -2.094 1.396
1.736 9.848 -5.781 7.112 -9.223 12.027 0.175 -2.094 1.309
1.736 9.848 -5.781 7.112 -9.638 11.708 0.175 -2.094 1.222
1.736 9.848 -5.991 7.778 -9.432 12.692 0.175 -2.007 1.222
1.736 9.848 -6.142 8.459 -9.142 13.655 0.175 -1.920 1.222
1.736 9.848 -6.233 9.151 -8.769 14.589 0.175 -1.833 1.222
1.736 9.848 -6.264 9.848 -8.316 15.486 0.175 -1.745 1.222
1.736 9.848 -6.233 10.545 -7.786 16.341 0.175 -1.658 1.222
1.736 9.848 -6.142 11.237 -7.184 17.146 0.175 -1.571 1.222
2.588 9.659 -5.139 11.730 -5.662 17.707 0.262 -1.571 1.222
3.420 9.397 -4.097 12.133 -4.097 18.133 0.349 -1.571 1.222
4.226 9.063 -3.024 12.444 -2.501 18.421 0.436 -1.571 1.222
5.000 8.660 -1.928 12.660 -0.886 18.569 0.524 -1.571 1.222
5.736 8.192 -0.817 12.780 0.735 18.576 0.611 -1.571 1.222
6.428 7.660 0.300 12.803 2.352 18.441 0.698 -1.571 1.222