#a1_X a1_Y a2_X a2_Y a3_X a3_Y j_1 j_2 j_3
-0.872 9.962 -1.569 17.932 -2.092 23.909 -0.087 0.000 0.000
-1.736 9.848 -3.126 17.727 -4.168 23.635 -0.175 0.000 0.000
-2.588 9.659 -4.659 17.387 -6.212 23.182 -0.262 0.000 0.000
-3.420 9.397 -6.156 16.914 -8.208 22.553 -0.349 0.000 0.000
-4.226 9.063 -7.607 16.314 -10.143 21.751 -0.436 0.000 0.000
-5.000 8.660 -9.000 15.588 -12.000 20.785 -0.524 0.000 0.000
-5.736 8.192 -10.324 14.745 -13.766 19.660 -0.611 0.000 0.000
-5.736 8.192 -9.736 15.120 -12.736 20.316 -0.611 0.087 0.000
-5.736 8.192 -9.117 15.442 -11.652 20.880 -0.611 0.175 0.000
-5.736 8.192 -8.472 15.709 -10.524 21.347 -0.611 0.262 0.000
-5.736 8.192 -7.806 15.919 -9.359 21.714 -0.611 0.349 0.000
-5.736 8.192 -7.125 16.070 -8.167 21.979 -0.611 0.436 0.000
-5.736 8.192 -6.433 16.161 -6.956 22.138 -0.611 0.524 0.000
-5.736 8.192 -5.736 16.192 -5.736 22.192 -0.611 0.611 0.000
-5.736 8.192 -5.039 16.161 -4.516 22.138 -0.611 0.698 0.000
-5.736 8.192 -4.347 16.070 -3.305 21.979 -0.611 0.785 0.000
-5.736 8.192 -3.665 15.919 -2.112 21.714 -0.611 0.873 0.000
-5.736 8.192 -3.000 15.709 -0.947 21.347 -0.611 0.960 0.000
-5.736 8.192 -2.355 15.442 0.181 20.880 -0.611 1.047 0.000
-5.736 8.192 -3.000 15.709 -0.947 21.347 -0.611 0.960 0.000
-5.736 8.192 -3.665 15.919 -2.112 21.714 -0.611 0.873 0.000
-5.736 8.192 -4.347 16.070 -3.305 21.979 -0.611 0.785 0.000
-5.736 8.192 -5.039 16.161 -4.516 22.138 -0.611 0.698 0.000
-5.736 8.192 -5.736 16.192 -5.736 22.192 -0.611 0.611 0.000
-5.736 8.192 -6.433 16.161 -6.956 22.138 -0.611 0.524 0.000
-5.736 8.192 -6.433 16.161 -7.475 22.070 -0.611 0.524 -0.087
-5.736 8.192 -6.433 16.161 -7.986 21.957 -0.611 0.524 -0.175
-5.736 8.192 -6.433 16.161 -8.485 21.799 -0.611 0.524 -0.262
-5.736 8.192 -6.433 16.161 -8.969 21.599 -0.611 0.524 -0.349
-5.736 8.192 -6.433 16.161 -9.433 21.357 -0.611 0.524 -0.436
-5.736 8.192 -5.736 16.192 -8.271 21.629 -0.611 0.611 -0.436
-5.736 8.192 -5.039 16.161 -7.091 21.799 -0.611 0.698 -0.436
-5.736 8.192 -4.347 16.070 -5.899 21.866 -0.611 0.785 -0.436
-5.736 8.192 -3.665 15.919 -4.707 21.828 -0.611 0.873 -0.436
-5.736 8.192 -3.000 15.709 -3.523 21.686 -0.611 0.960 -0.436
-5.736 8.192 -2.355 15.442 -2.355 21.442 -0.611 1.047 -0.436
-5.736 8.192 -1.736 15.120 -1.213 21.097 -0.611 1.134 -0.436
-5.736 8.192 -1.147 14.745 -0.105 20.654 -0.611 1.222 -0.436
-5.736 8.192 -0.593 14.320 0.959 20.115 -0.611 1.309 -0.436
-5.736 8.192 -0.079 13.848 1.973 19.487 -0.611 1.396 -0.436
-5.736 8.192 0.393 13.334 2.928 18.772 -0.611 1.484 -0.436
-5.736 8.192 0.817 12.780 3.817 17.976 -0.611 1.571 -0.436
-5.736 8.192 0.817 12.780 4.259 17.695 -0.611 1.571 -0.349
-5.736 8.192 0.817 12.780 4.674 17.376 -0.611 1.571 -0.262
-5.736 8.192 0.817 12.780 4.259 17.695 -0.611 1.571 -0.349
-5.736 8.192 0.817 12.780 3.817 17.976 -0.611 1.571 -0.436
-5.736 8.192 0.817 12.780 3.353 18.218 -0.611 1.571 -0.524
-5.736 8.192 0.817 12.780 2.870 18.418 -0.611 1.571 -0.611
-5.736 8.192 0.817 12.780 2.370 18.576 -0.611 1.571 -0.698
-5.736 8.192 0.817 12.780 1.859 18.689 -0.611 1.571 -0.785
-5.736 8.192 0.817 12.780 1.340 18.757 -0.611 1.571 -0.873
-5.736 8.192 0.817 12.780 0.817 18.780 -0.611 1.571 -0.960
-5.736 8.192 0.817 12.780 0.295 18.757 -0.611 1.571 -1.047
-5.736 8.192 0.817 12.780 -0.224 18.689 -0.611 1.571 -1.134
-5.736 8.192 0.817 12.780 -0.735 18.576 -0.611 1.571 -1.222
-5.736 8.192 0.817 12.780 -0.224 18.689 -0.611 1.571 -1.134
-5.736 8.192 0.817 12.780 0.295 18.757 -0.611 1.571 -1.047
-5.736 8.192 0.817 12.780 0.817 18.780 -0.611 1.571 -0.960
-5.736 8.192 0.817 12.780 1.340 18.757 -0.611 1.571 -0.873
-5.736 8.192 0.817 12.780 0.817 18.780 -0.611 1.571 -0.960
-5.736 8.192 0.817 12.780 0.295 18.757 -0.611 1.571 -1.047
-5.736 8.192 0.817 12.780 -0.224 18.689 -0.611 1.571 -1.134
-5.736 8.192 0.817 12.780 -0.735 18.576 -0.611 1.571 -1.222
-5.736 8.192 0.817 12.780 -1.235 18.418 -0.611 1.571 -1.309
-5.736 8.192 0.817 12.780 -1.718 18.218 -0.611 1.571 -1.396
-5.736 8.192 0.817 12.780 -2.183 17.976 -0.611 1.571 -1.484
-5.736 8.192 1.192 12.192 -1.343 17.629 -0.611 1.658 -1.484
-5.736 8.192 1.515 11.572 -0.537 17.211 -0.611 1.745 -1.484
-5.736 8.192 1.782 10.928 0.229 16.723 -0.611 1.833 -1.484
-5.736 8.192 1.992 10.262 0.950 16.171 -0.611 1.920 -1.484
-5.736 8.192 2.143 9.581 1.620 15.558 -0.611 2.007 -1.484
-5.736 8.192 2.143 9.581 1.101 15.490 -0.611 2.007 -1.571
-6.428 7.660 1.300 9.731 -0.253 15.527 -0.698 2.007 -1.571
-7.071 7.071 0.446 9.807 -1.606 15.445 -0.785 2.007 -1.571
-7.660 6.428 -0.410 9.809 -2.946 15.247 -0.873 2.007 -1.571
-8.192 5.736 -1.263 9.736 -4.263 14.932 -0.960 2.007 -1.571
-8.660 5.000 -2.107 9.589 -5.548 14.504 -1.047 2.007 -1.571
-8.660 5.000 -1.732 9.000 -4.732 14.196 -1.047 2.094 -1.571
-9.063 4.226 -2.510 8.815 -5.951 13.730 -1.134 2.094 -1.571
-9.397 3.420 -3.269 8.563 -7.125 13.159 -1.222 2.094 -1.571
-9.659 2.588 -4.002 8.245 -8.245 12.488 -1.309 2.094 -1.571
-9.848 1.736 -4.706 7.865 -9.302 11.722 -1.396 2.094 -1.571
-9.848 1.736 -4.706 7.865 -8.948 12.107 -1.396 2.094 -1.484
-9.848 1.736 -4.706 7.865 -8.563 12.461 -1.396 2.094 -1.396
-9.848 1.736 -4.706 7.865 -8.147 12.780 -1.396 2.094 -1.309
-9.848 1.736 -4.706 7.865 -7.706 13.061 -1.396 2.094 -1.222
-9.659 2.588 -4.002 8.245 -6.538 13.683 -1.309 2.094 -1.222
-9.397 3.420 -3.269 8.563 -5.321 14.201 -1.222 2.094 -1.222
-9.063 4.226 -2.510 8.815 -4.063 14.610 -1.134 2.094 -1.222
-8.660 5.000 -1.732 9.000 -2.774 14.909 -1.047 2.094 -1.222
-8.660 5.000 -1.732 9.000 -3.285 14.796 -1.047 2.094 -1.309
-8.660 5.000 -1.732 9.000 -3.784 14.638 -1.047 2.094 -1.396
-8.660 5.000 -1.732 9.000 -4.268 14.438 -1.047 2.094 -1.484
-8.660 5.000 -1.732 9.000 -4.732 14.196 -1.047 2.094 -1.571
-8.660 5.000 -2.107 9.589 -5.548 14.504 -1.047 2.007 -1.571
-8.660 5.000 -2.532 10.142 -6.389 14.739 -1.047 1.920 -1.571
-8.660 5.000 -3.003 10.657 -7.246 14.899 -1.047 1.833 -1.571
-8.660 5.000 -3.518 11.128 -8.114 14.985 -1.047 1.745 -1.571
-8.660 5.000 -4.072 11.553 -8.987 14.995 -1.047 1.658 -1.571
-8.660 5.000 -4.072 11.553 -8.668 15.410 -1.047 1.658 -1.484
-8.660 5.000 -4.072 11.553 -8.314 15.796 -1.047 1.658 -1.396
-8.660 5.000 -4.072 11.553 -7.928 16.149 -1.047 1.658 -1.309
-8.660 5.000 -4.072 11.553 -7.513 16.468 -1.047 1.658 -1.222
-8.660 5.000 -4.072 11.553 -7.072 16.749 -1.047 1.658 -1.134
-8.660 5.000 -4.072 11.553 -6.607 16.991 -1.047 1.658 -1.047