#a1_X a1_Y a2_X a2_Y a3_X a3_Y j_1 j_2 j_3
0.000 10.000 0.000 18.000 0.523 23.977 0.000 0.000 0.087
0.000 10.000 0.000 18.000 1.042 23.909 0.000 0.000 0.175
0.000 10.000 0.000 18.000 1.553 23.796 0.000 0.000 0.262
0.000 10.000 -0.697 17.970 0.345 23.878 0.000 -0.087 0.262
0.000 10.000 -1.389 17.878 -0.866 23.856 0.000 -0.175 0.262
0.000 10.000 -2.071 17.727 -2.071 23.727 0.000 -0.262 0.262
0.000 10.000 -2.736 17.518 -3.259 23.495 0.000 -0.349 0.262
0.000 10.000 -2.736 17.518 -2.736 23.518 0.000 -0.349 0.349
0.000 10.000 -2.736 17.518 -2.213 23.495 0.000 -0.349 0.436
0.000 10.000 -2.736 17.518 -1.694 23.426 0.000 -0.349 0.524
0.000 10.000 -2.736 17.518 -1.183 23.313 0.000 -0.349 0.611
0.000 10.000 -2.736 17.518 -0.684 23.156 0.000 -0.349 0.698
0.000 10.000 -2.736 17.518 -0.200 22.955 0.000 -0.349 0.785
0.872 9.962 -1.199 17.689 1.801 22.886 0.087 -0.349 0.785
1.736 9.848 0.347 17.727 3.789 22.641 0.175 -0.349 0.785
0.872 9.962 -1.199 17.689 1.801 22.886 0.087 -0.349 0.785
-0.000 10.000 -2.736 17.518 -0.200 22.955 -0.000 -0.349 0.785
-0.872 9.962 -4.253 17.212 -2.200 22.851 -0.087 -0.349 0.785
-1.736 9.848 -5.736 16.776 -4.184 22.572 -0.175 -0.349 0.785
-2.588 9.659 -7.177 16.212 -6.135 22.121 -0.262 -0.349 0.785
-3.420 9.397 -8.563 15.525 -8.040 21.502 -0.349 -0.349 0.785
-4.226 9.063 -9.883 14.720 -9.883 20.720 -0.436 -0.349 0.785
-5.000 8.660 -11.128 13.803 -11.651 19.780 -0.524 -0.349 0.785
-5.736 8.192 -12.289 12.780 -13.331 18.689 -0.611 -0.349 0.785
-6.428 7.660 -13.356 11.660 -14.909 17.456 -0.698 -0.349 0.785
-7.071 7.071 -14.322 10.452 -16.374 16.090 -0.785 -0.349 0.785
-7.660 6.428 -15.178 9.164 -17.714 14.602 -0.873 -0.349 0.785
-7.071 7.071 -14.322 10.452 -16.374 16.090 -0.785 -0.349 0.785
-6.428 7.660 -13.356 11.660 -14.909 17.456 -0.698 -0.349 0.785
-5.736 8.192 -12.289 12.780 -13.331 18.689 -0.611 -0.349 0.785
-5.000 8.660 -11.128 13.803 -11.651 19.780 -0.524 -0.349 0.785
-4.226 9.063 -9.883 14.720 -9.883 20.720 -0.436 -0.349 0.785
-3.420 9.397 -8.563 15.525 -8.040 21.502 -0.349 -0.349 0.785
-2.588 9.659 -7.177 16.212 -6.135 22.121 -0.262 -0.349 0.785
-3.420 9.397 -8.563 15.525 -8.040 21.502 -0.349 -0.349 0.785
-4.226 9.063 -9.883 14.720 -9.883 20.720 -0.436 -0.349 0.785
-5.000 8.660 -11.128 13.803 -11.651 19.780 -0.524 -0.349 0.785
-5.736 8.192 -12.289 12.780 -13.331 18.689 -0.611 -0.349 0.785
-6.428 7.660 -13.356 11.660 -14.909 17.456 -0.698 -0.349 0.785
-6.428 7.660 -13.356 11.660 -15.408 17.299 -0.698 -0.349 0.698
-6.428 7.660 -13.356 11.660 -15.892 17.098 -0.698 -0.349 0.611
-6.428 7.660 -13.356 11.660 -16.356 16.857 -0.698 -0.349 0.524
-6.428 7.660 -13.356 11.660 -16.798 16.575 -0.698 -0.349 0.436
-6.428 7.660 -13.356 11.660 -17.213 16.257 -0.698 -0.349 0.349
-6.428 7.660 -13.356 11.660 -17.599 15.903 -0.698 -0.349 0.262
-6.428 7.660 -13.356 11.660 -17.952 15.517 -0.698 -0.349 0.175
-6.428 7.660 -13.356 11.660 -18.271 15.102 -0.698 -0.349 0.087
-6.428 7.660 -13.356 11.660 -18.552 14.660 -0.698 -0.349 -0.000
-6.428 7.660 -13.356 11.660 -18.271 15.102 -0.698 -0.349 0.087
-6.428 7.660 -13.356 11.660 -17.952 15.517 -0.698 -0.349 0.175
-6.428 7.660 -13.356 11.660 -17.599 15.903 -0.698 -0.349 0.262
-6.428 7.660 -13.356 11.660 -17.213 16.257 -0.698 -0.349 0.349
-6.428 7.660 -13.356 11.660 -16.798 16.575 -0.698 -0.349 0.436
-6.428 7.660 -13.356 11.660 -16.356 16.857 -0.698 -0.349 0.524
-6.428 7.660 -13.356 11.660 -15.892 17.098 -0.698 -0.349 0.611
-6.428 7.660 -13.356 11.660 -15.408 17.299 -0.698 -0.349 0.698
-6.428 7.660 -13.356 11.660 -14.909 17.456 -0.698 -0.349 0.785
-6.428 7.660 -13.356 11.660 -14.398 17.569 -0.698 -0.349 0.873
-6.428 7.660 -13.356 11.660 -13.879 17.638 -0.698 -0.349 0.960
-6.428 7.660 -13.356 11.660 -13.356 17.660 -0.698 -0.349 1.047
-6.428 7.660 -12.981 12.249 -12.458 18.226 -0.698 -0.262 1.047
-6.428 7.660 -12.556 12.803 -11.514 18.712 -0.698 -0.175 1.047
-6.428 7.660 -12.085 13.317 -10.532 19.113 -0.698 -0.087 1.047
-6.428 7.660 -11.570 13.789 -9.518 19.427 -0.698 0.000 1.047
-6.428 7.660 -11.016 14.214 -8.481 19.652 -0.698 0.087 1.047
-6.428 7.660 -10.428 14.589 -7.428 19.785 -0.698 0.175 1.047
-6.428 7.660 -9.809 14.911 -6.367 19.826 -0.698 0.262 1.047
-6.428 7.660 -9.164 15.178 -5.307 19.774 -0.698 0.349 1.047
-6.428 7.660 -8.498 15.388 -4.256 19.630 -0.698 0.436 1.047
-6.428 7.660 -7.817 15.539 -3.221 19.396 -0.698 0.524 1.047
-6.428 7.660 -7.125 15.630 -2.210 19.071 -0.698 0.611 1.047
-6.428 7.660 -6.428 15.660 -1.232 18.660 -0.698 0.698 1.047
-6.428 7.660 -5.731 15.630 -0.293 18.166 -0.698 0.785 1.047
-6.428 7.660 -5.039 15.539 0.599 17.591 -0.698 0.873 1.047
-6.428 7.660 -4.357 15.388 1.438 16.941 -0.698 0.960 1.047
-6.428 7.660 -3.692 15.178 2.217 16.220 -0.698 1.047 1.047
-6.428 7.660 -3.047 14.911 2.930 15.434 -0.698 1.134 1.047
-6.428 7.660 -3.692 15.178 2.217 16.220 -0.698 1.047 1.047
-6.428 7.660 -4.357 15.388 1.438 16.941 -0.698 0.960 1.047
-6.428 7.660 -5.039 15.539 0.599 17.591 -0.698 0.873 1.047
-6.428 7.660 -5.039 15.539 0.757 17.092 -0.698 0.873 1.134
-6.428 7.660 -5.039 15.539 0.870 16.581 -0.698 0.873 1.222
-6.428 7.660 -5.039 15.539 0.938 16.062 -0.698 0.873 1.309
-6.428 7.660 -5.039 15.539 0.961 15.539 -0.698 0.873 1.396
-6.428 7.660 -5.039 15.539 0.938 15.016 -0.698 0.873 1.484
-6.428 7.660 -5.039 15.539 0.870 14.497 -0.698 0.873 1.571
-7.071 7.071 -6.374 15.041 -0.397 14.518 -0.785 0.873 1.571
-7.660 6.428 -7.660 14.428 -1.660 14.428 -0.873 0.873 1.571
-8.192 5.736 -8.889 13.705 -2.912 14.228 -0.960 0.873 1.571
-8.660 5.000 -10.049 12.878 -4.141 13.920 -1.047 0.873 1.571
-8.660 5.000 -10.731 12.727 -4.935 14.280 -1.047 0.785 1.571
-8.660 5.000 -11.396 12.518 -5.758 14.570 -1.047 0.698 1.571
-8.660 5.000 -12.041 12.250 -6.603 14.786 -1.047 0.611 1.571
-8.660 5.000 -12.660 11.928 -7.464 14.928 -1.047 0.524 1.571
-8.660 5.000 -13.249 11.553 -8.334 14.995 -1.047 0.436 1.571
-8.660 5.000 -13.803 11.128 -9.206 14.985 -1.047 0.349 1.571
-8.660 5.000 -14.317 10.657 -10.074 14.899 -1.047 0.262 1.571
-8.660 5.000 -14.789 10.142 -10.932 14.739 -1.047 0.175 1.571
-8.660 5.000 -15.213 9.589 -11.772 14.504 -1.047 0.087 1.571
-8.660 5.000 -15.588 9.000 -12.588 14.196 -1.047 0.000 1.571
-8.660 5.000 -15.911 8.381 -13.375 13.819 -1.047 -0.087 1.571
-8.192 5.736 -15.120 9.736 -12.120 14.932 -0.960 -0.087 1.571
-7.660 6.428 -14.214 11.016 -10.772 15.931 -0.873 -0.087 1.571
-7.071 7.071 -13.199 12.213 -9.343 16.810 -0.785 -0.087 1.571
-7.071 7.071 -13.624 11.660 -10.183 16.575 -0.785 -0.175 1.571
-7.071 7.071 -13.999 11.071 -10.999 16.267 -0.785 -0.262 1.571
-7.071 7.071 -14.322 10.452 -11.786 15.890 -0.785 -0.349 1.571
-7.071 7.071 -14.322 10.452 -12.269 16.090 -0.785 -0.349 1.484
-7.071 7.071 -14.322 10.452 -12.769 16.248 -0.785 -0.349 1.396
-7.071 7.071 -14.322 10.452 -13.280 16.361 -0.785 -0.349 1.309
-7.071 7.071 -14.322 10.452 -13.799 16.429 -0.785 -0.349 1.222
-6.428 7.660 -13.356 11.660 -12.314 17.569 -0.698 -0.349 1.222
-5.736 8.192 -12.289 12.780 -10.736 18.576 -0.611 -0.349 1.222
-5.000 8.660 -11.128 13.803 -9.076 19.441 -0.524 -0.349 1.222
-4.226 9.063 -9.883 14.720 -7.347 20.158 -0.436 -0.349 1.222
-3.420 9.397 -8.563 15.525 -5.563 20.721 -0.349 -0.349 1.222
-2.588 9.659 -7.177 16.212 -3.735 21.127 -0.262 -0.349 1.222
-1.736 9.848 -5.736 16.776 -1.880 21.373 -0.175 -0.349 1.222
-1.736 9.848 -5.736 16.776 -2.295 21.691 -0.175 -0.349 1.134
-1.736 9.848 -5.736 16.776 -2.736 21.972 -0.175 -0.349 1.047
-1.736 9.848 -5.736 16.776 -3.201 22.214 -0.175 -0.349 0.960
-1.736 9.848 -5.736 16.776 -3.684 22.414 -0.175 -0.349 0.873
-1.736 9.848 -5.117 17.099 -2.582 22.536 -0.175 -0.262 0.873
-1.736 9.848 -4.473 17.366 -1.473 22.562 -0.175 -0.175 0.873
-1.736 9.848 -3.807 17.575 -0.366 22.490 -0.175 -0.087 0.873
-1.736 9.848 -3.126 17.727 0.731 22.323 -0.175 0.000 0.873
-1.736 9.848 -2.434 17.818 1.809 22.060 -0.175 0.087 0.873
-1.736 9.848 -1.736 17.848 2.860 21.705 -0.175 0.175 0.873
-1.736 9.848 -1.039 17.818 3.876 21.259 -0.175 0.262 0.873
-1.736 9.848 -0.347 17.727 4.849 20.727 -0.175 0.349 0.873
-1.736 9.848 0.334 17.575 5.772 20.111 -0.175 0.436 0.873
-1.736 9.848 1.000 17.366 6.638 19.418 -0.175 0.524 0.873
-1.736 9.848 1.644 17.099 7.440 18.651 -0.175 0.611 0.873
-1.736 9.848 2.264 16.776 8.172 17.818 -0.175 0.698 0.873
-1.736 9.848 2.852 16.401 8.829 16.924 -0.175 0.785 0.873
-1.736 9.848 3.406 15.976 9.406 15.976 -0.175 0.873 0.873
-1.736 9.848 3.406 15.976 9.383 16.499 -0.175 0.873 0.785
-1.736 9.848 3.406 15.976 9.315 17.018 -0.175 0.873 0.698
-1.736 9.848 3.406 15.976 9.201 17.529 -0.175 0.873 0.611
-1.736 9.848 3.406 15.976 9.315 17.018 -0.175 0.873 0.698
-1.736 9.848 3.406 15.976 9.383 16.499 -0.175 0.873 0.785
-1.736 9.848 3.406 15.976 9.406 15.976 -0.175 0.873 0.873
-1.736 9.848 3.406 15.976 9.383 15.453 -0.175 0.873 0.960
-1.736 9.848 3.406 15.976 9.406 15.976 -0.175 0.873 0.873
-1.736 9.848 3.406 15.976 9.383 16.499 -0.175 0.873 0.785
-1.736 9.848 3.406 15.976 9.315 17.018 -0.175 0.873 0.698