#a1_X a1_Y a2_X a2_Y a3_X a3_Y j_1 j_2 j_3
0.872 9.962 1.569 17.932 2.092 23.909 0.087 0.000 0.000
0.872 9.962 2.261 17.840 3.303 23.749 0.087 0.087 0.000
0.872 9.962 2.942 17.689 4.495 23.485 0.087 0.175 0.000
0.872 9.962 2.261 17.840 3.303 23.749 0.087 0.087 0.000
0.872 9.962 1.569 17.932 2.092 23.909 0.087 -0.000 0.000
0.872 9.962 0.872 17.962 0.872 23.962 0.087 -0.087 0.000
0.872 9.962 0.174 17.932 -0.349 23.909 0.087 -0.175 0.000
0.872 9.962 -0.518 17.840 -1.560 23.749 0.087 -0.262 0.000
0.872 9.962 -1.199 17.689 -2.752 23.485 0.087 -0.349 0.000
0.872 9.962 -1.865 17.479 -3.917 23.118 0.087 -0.436 0.000
0.872 9.962 -2.509 17.212 -5.045 22.650 0.087 -0.524 0.000
0.872 9.962 -3.128 16.890 -6.128 22.086 0.087 -0.611 0.000
0.872 9.962 -3.717 16.515 -7.159 21.430 0.087 -0.698 0.000
0.872 9.962 -4.271 16.090 -8.127 20.687 0.087 -0.785 0.000
0.872 9.962 -4.785 15.619 -9.028 19.861 0.087 -0.873 0.000
0.000 10.000 -6.128 15.142 -10.725 18.999 0.000 -0.873 0.000
-0.872 9.962 -7.425 14.551 -12.340 17.992 -0.087 -0.873 0.000
-1.736 9.848 -8.665 13.848 -13.861 16.848 -0.175 -0.873 0.000
-2.588 9.659 -9.839 13.040 -15.276 15.576 -0.262 -0.873 0.000
-3.420 9.397 -10.938 12.133 -16.576 14.185 -0.349 -0.873 0.000
-4.226 9.063 -11.954 11.134 -17.749 12.687 -0.436 -0.873 0.000
-5.000 8.660 -12.878 10.049 -18.787 11.091 -0.524 -0.873 0.000
-5.000 8.660 -12.878 10.049 -18.856 10.572 -0.524 -0.873 -0.087
-5.000 8.660 -12.878 10.049 -18.878 10.049 -0.524 -0.873 -0.175
-4.226 9.063 -11.954 11.134 -17.931 11.657 -0.436 -0.873 -0.175
-3.420 9.397 -10.938 12.133 -16.847 13.175 -0.349 -0.873 -0.175
-2.588 9.659 -9.839 13.040 -15.634 14.593 -0.262 -0.873 -0.175
-1.736 9.848 -8.665 13.848 -14.303 15.900 -0.175 -0.873 -0.175
-0.872 9.962 -7.425 14.551 -12.863 17.086 -0.087 -0.873 -0.175
0.000 10.000 -6.128 15.142 -11.325 18.142 0.000 -0.873 -0.175
0.872 9.962 -4.785 15.619 -9.700 19.060 0.087 -0.873 -0.175
1.736 9.848 -3.406 15.976 -8.002 19.833 0.175 -0.873 -0.175
2.588 9.659 -2.000 16.212 -6.243 20.455 0.262 -0.873 -0.175
3.420 9.397 -0.580 16.325 -4.437 20.921 0.349 -0.873 -0.175
3.420 9.397 -1.168 15.950 -5.411 20.193 0.349 -0.960 -0.175
3.420 9.397 -1.722 15.525 -6.318 19.382 0.349 -1.047 -0.175
3.420 9.397 -2.237 15.054 -7.152 18.495 0.349 -1.134 -0.175
3.420 9.397 -2.708 14.539 -7.904 17.539 0.349 -1.222 -0.175
3.420 9.397 -3.133 13.986 -8.571 16.521 0.349 -1.309 -0.175
3.420 9.397 -3.508 13.397 -9.146 15.449 0.349 -1.396 -0.175
3.420 9.397 -3.830 12.778 -9.626 14.331 0.349 -1.484 -0.175
3.420 9.397 -4.097 12.133 -10.006 13.175 0.349 -1.571 -0.175
3.420 9.397 -4.307 11.467 -10.284 11.990 0.349 -1.658 -0.175
3.420 9.397 -4.458 10.786 -10.458 10.786 0.349 -1.745 -0.175
3.420 9.397 -4.549 10.094 -10.527 9.571 0.349 -1.833 -0.175
3.420 9.397 -4.580 9.397 -10.489 8.355 0.349 -1.920 -0.175
3.420 9.397 -4.549 8.700 -10.345 7.147 0.349 -2.007 -0.175
3.420 9.397 -4.458 8.008 -10.096 5.956 0.349 -2.094 -0.175
3.420 9.397 -4.549 8.700 -10.345 7.147 0.349 -2.007 -0.175
3.420 9.397 -4.580 9.397 -10.489 8.355 0.349 -1.920 -0.175
3.420 9.397 -4.549 10.094 -10.527 9.571 0.349 -1.833 -0.175
3.420 9.397 -4.458 10.786 -10.458 10.786 0.349 -1.745 -0.175
3.420 9.397 -4.307 11.467 -10.284 11.990 0.349 -1.658 -0.175
3.420 9.397 -4.097 12.133 -10.006 13.175 0.349 -1.571 -0.175
3.420 9.397 -4.097 12.133 -10.075 12.656 0.349 -1.571 -0.262
3.420 9.397 -4.097 12.133 -10.097 12.133 0.349 -1.571 -0.349
3.420 9.397 -4.097 12.133 -10.075 11.610 0.349 -1.571 -0.436
3.420 9.397 -4.097 12.133 -10.006 11.091 0.349 -1.571 -0.524
3.420 9.397 -4.097 12.133 -9.893 10.580 0.349 -1.571 -0.611
3.420 9.397 -4.307 11.467 -9.945 9.415 0.349 -1.658 -0.611
3.420 9.397 -4.458 10.786 -9.896 8.250 0.349 -1.745 -0.611
3.420 9.397 -4.549 10.094 -9.746 7.094 0.349 -1.833 -0.611
3.420 9.397 -4.580 9.397 -9.495 5.955 0.349 -1.920 -0.611
3.420 9.397 -4.580 9.397 -9.176 5.540 0.349 -1.920 -0.698
3.420 9.397 -4.580 9.397 -8.822 5.154 0.349 -1.920 -0.785
3.420 9.397 -4.580 9.397 -8.437 4.801 0.349 -1.920 -0.873
3.420 9.397 -4.580 9.397 -8.021 4.482 0.349 -1.920 -0.960
3.420 9.397 -4.580 9.397 -8.437 4.801 0.349 -1.920 -0.873
3.420 9.397 -4.580 9.397 -8.822 5.154 0.349 -1.920 -0.785
3.420 9.397 -4.580 9.397 -9.176 5.540 0.349 -1.920 -0.698
3.420 9.397 -4.580 9.397 -9.495 5.955 0.349 -1.920 -0.611
3.420 9.397 -4.580 9.397 -9.776 6.397 0.349 -1.920 -0.524
3.420 9.397 -4.580 9.397 -10.018 6.861 0.349 -1.920 -0.436
3.420 9.397 -4.580 9.397 -10.218 7.345 0.349 -1.920 -0.349
3.420 9.397 -4.580 9.397 -10.375 7.844 0.349 -1.920 -0.262
3.420 9.397 -4.580 9.397 -10.489 8.355 0.349 -1.920 -0.175
3.420 9.397 -4.580 9.397 -10.557 8.874 0.349 -1.920 -0.087
3.420 9.397 -4.580 9.397 -10.580 9.397 0.349 -1.920 0.000
3.420 9.397 -4.580 9.397 -10.557 9.920 0.349 -1.920 0.087
4.226 9.063 -3.743 9.760 -9.652 10.802 0.436 -1.920 0.087
5.000 8.660 -2.878 10.049 -8.674 11.602 0.524 -1.920 0.087
5.736 8.192 -1.992 10.262 -7.630 12.314 0.611 -1.920 0.087
6.428 7.660 -1.090 10.397 -6.528 12.932 0.698 -1.920 0.087
7.071 7.071 -0.179 10.452 -5.376 13.452 0.785 -1.920 0.087
7.660 6.428 0.732 10.428 -4.183 13.869 0.873 -1.920 0.087
7.660 6.428 0.410 9.809 -4.786 12.809 0.873 -2.007 0.087
7.660 6.428 0.143 9.164 -5.295 11.700 0.873 -2.094 0.087
7.660 6.428 0.410 9.809 -4.786 12.809 0.873 -2.007 0.087
7.660 6.428 0.732 10.428 -4.183 13.869 0.873 -1.920 0.087
7.660 6.428 1.107 11.016 -3.489 14.873 0.873 -1.833 0.087
7.660 6.428 1.532 11.570 -2.711 15.813 0.873 -1.745 0.087