#a1_X a1_Y a2_X a2_Y a3_X a3_Y j_1 j_2 j_3
0.000 10.000 -0.697 17.970 -1.220 23.947 0.000 -0.087 0.000
0.000 10.000 -1.389 17.878 -2.431 23.787 0.000 -0.175 0.000
0.000 10.000 -2.071 17.727 -3.623 23.523 0.000 -0.262 0.000
0.000 10.000 -2.736 17.518 -4.788 23.156 0.000 -0.349 0.000
0.000 10.000 -3.381 17.250 -5.917 22.688 0.000 -0.436 0.000
0.000 10.000 -4.000 16.928 -7.000 22.124 0.000 -0.524 0.000
0.000 10.000 -4.589 16.553 -8.030 21.468 0.000 -0.611 0.000
0.000 10.000 -5.142 16.128 -8.999 20.725 0.000 -0.698 0.000
0.000 10.000 -5.657 15.657 -9.899 19.899 0.000 -0.785 0.000
0.000 10.000 -6.128 15.142 -10.725 18.999 0.000 -0.873 0.000
0.000 10.000 -6.553 14.589 -11.468 18.030 0.000 -0.960 0.000
0.000 10.000 -6.928 14.000 -12.124 17.000 0.000 -1.047 0.000
0.000 10.000 -6.928 14.000 -12.366 16.536 0.000 -1.047 -0.087
0.000 10.000 -6.928 14.000 -12.566 16.052 0.000 -1.047 -0.175
0.000 10.000 -6.928 14.000 -12.724 15.553 0.000 -1.047 -0.262
0.000 10.000 -6.928 14.000 -12.837 15.042 0.000 -1.047 -0.349
0.000 10.000 -6.928 14.000 -12.905 14.523 0.000 -1.047 -0.436
0.000 10.000 -6.928 14.000 -12.928 14.000 0.000 -1.047 -0.524
0.000 10.000 -6.928 14.000 -12.905 13.477 0.000 -1.047 -0.611
0.000 10.000 -6.928 14.000 -12.837 12.958 0.000 -1.047 -0.698
0.000 10.000 -6.928 14.000 -12.724 12.447 0.000 -1.047 -0.785
0.000 10.000 -6.553 14.589 -12.462 13.547 0.000 -0.960 -0.785
0.000 10.000 -6.128 15.142 -12.106 14.619 0.000 -0.873 -0.785
0.000 10.000 -5.657 15.657 -11.657 15.657 0.000 -0.785 -0.785
0.000 10.000 -5.142 16.128 -11.119 16.651 0.000 -0.698 -0.785
0.000 10.000 -4.589 16.553 -10.497 17.595 0.000 -0.611 -0.785
0.000 10.000 -4.000 16.928 -9.796 18.481 0.000 -0.524 -0.785
0.000 10.000 -3.381 17.250 -9.019 19.303 0.000 -0.436 -0.785
0.000 10.000 -2.736 17.518 -8.174 20.053 0.000 -0.349 -0.785
0.000 10.000 -2.071 17.727 -7.267 20.727 0.000 -0.262 -0.785
0.000 10.000 -1.389 17.878 -6.304 21.320 0.000 -0.175 -0.785
0.000 10.000 -0.697 17.970 -5.294 21.826 0.000 -0.087 -0.785
0.000 10.000 0.000 18.000 -4.243 22.243 0.000 0.000 -0.785
0.000 10.000 0.697 17.970 -3.159 22.566 0.000 0.087 -0.785
0.000 10.000 1.389 17.878 -2.052 22.793 0.000 0.175 -0.785
0.000 10.000 2.071 17.727 -0.929 22.924 0.000 0.262 -0.785
0.000 10.000 2.736 17.518 0.200 22.955 0.000 0.349 -0.785
0.000 10.000 3.381 17.250 1.329 22.889 0.000 0.436 -0.785
0.000 10.000 2.736 17.518 0.200 22.955 0.000 0.349 -0.785
0.000 10.000 2.071 17.727 -0.929 22.924 0.000 0.262 -0.785
0.000 10.000 1.389 17.878 -2.052 22.793 0.000 0.175 -0.785
0.000 10.000 0.697 17.970 -3.159 22.566 0.000 0.087 -0.785
0.872 9.962 2.261 17.840 -1.181 22.755 0.087 0.087 -0.785
0.872 9.962 1.569 17.932 -2.288 22.528 0.087 0.000 -0.785
0.872 9.962 0.872 17.962 -3.371 22.205 0.087 -0.087 -0.785
0.872 9.962 0.174 17.932 -4.422 21.788 0.087 -0.175 -0.785
0.872 9.962 -0.518 17.840 -5.433 21.282 0.087 -0.262 -0.785
0.872 9.962 0.174 17.932 -4.422 21.788 0.087 -0.175 -0.785
0.872 9.962 0.872 17.962 -3.371 22.205 0.087 -0.087 -0.785
0.872 9.962 1.569 17.932 -2.288 22.528 0.087 0.000 -0.785
0.872 9.962 2.261 17.840 -1.181 22.755 0.087 0.087 -0.785
0.872 9.962 2.942 17.689 -0.058 22.886 0.087 0.175 -0.785
0.872 9.962 2.942 17.689 0.406 23.127 0.087 0.175 -0.698
0.872 9.962 2.942 17.689 0.890 23.328 0.087 0.175 -0.611
0.872 9.962 2.942 17.689 1.389 23.485 0.087 0.175 -0.524
0.872 9.962 2.942 17.689 1.900 23.598 0.087 0.175 -0.436
0.872 9.962 2.942 17.689 2.419 23.667 0.087 0.175 -0.349
0.872 9.962 2.942 17.689 2.942 23.689 0.087 0.175 -0.262
0.872 9.962 2.942 17.689 3.465 23.667 0.087 0.175 -0.175
0.872 9.962 2.942 17.689 3.984 23.598 0.087 0.175 -0.087
0.872 9.962 2.942 17.689 4.495 23.485 0.087 0.175 0.000
0.872 9.962 2.942 17.689 4.994 23.328 0.087 0.175 0.087
0.872 9.962 2.942 17.689 5.478 23.127 0.087 0.175 0.175
0.872 9.962 2.942 17.689 5.942 22.886 0.087 0.175 0.262
0.872 9.962 2.942 17.689 6.384 22.604 0.087 0.175 0.349
0.872 9.962 2.942 17.689 6.799 22.286 0.087 0.175 0.436
0.872 9.962 2.942 17.689 7.185 21.932 0.087 0.175 0.524
0.872 9.962 2.942 17.689 7.538 21.546 0.087 0.175 0.611
0.872 9.962 2.942 17.689 7.857 21.131 0.087 0.175 0.698
0.872 9.962 2.942 17.689 8.138 20.689 0.087 0.175 0.785
0.872 9.962 2.942 17.689 8.380 20.225 0.087 0.175 0.873
0.872 9.962 2.942 17.689 8.580 19.741 0.087 0.175 0.960
0.872 9.962 2.942 17.689 8.738 19.242 0.087 0.175 1.047
0.000 10.000 1.389 17.878 7.027 19.931 0.000 0.175 1.047
-0.872 9.962 -0.174 17.932 5.264 20.467 -0.087 0.175 1.047
-1.736 9.848 -1.736 17.848 3.460 20.848 -0.175 0.175 1.047
-2.588 9.659 -3.285 17.629 1.629 21.070 -0.262 0.175 1.047
-3.420 9.397 -4.809 17.275 -0.213 21.132 -0.349 0.175 1.047
-4.226 9.063 -6.297 16.790 -2.054 21.033 -0.436 0.175 1.047
-5.000 8.660 -7.736 16.178 -3.879 20.774 -0.524 0.175 1.047
-5.736 8.192 -9.117 15.442 -5.675 20.357 -0.611 0.175 1.047
-6.428 7.660 -10.428 14.589 -7.428 19.785 -0.698 0.175 1.047
-7.071 7.071 -11.660 13.624 -9.124 19.062 -0.785 0.175 1.047
-7.660 6.428 -12.803 12.556 -10.751 18.194 -0.873 0.175 1.047
-8.192 5.736 -13.848 11.393 -12.295 17.188 -0.960 0.175 1.047
-8.192 5.736 -13.334 11.864 -11.282 17.502 -0.960 0.262 1.047
-8.192 5.736 -12.780 12.289 -10.244 17.727 -0.960 0.349 1.047
-8.192 5.736 -12.192 12.664 -9.192 17.860 -0.960 0.436 1.047
-8.192 5.736 -11.572 12.986 -8.131 17.901 -0.960 0.524 1.047
-8.192 5.736 -10.928 13.253 -7.071 17.850 -0.960 0.611 1.047