#a1_X a1_Y a2_X a2_Y a3_X a3_Y j_1 j_2 j_3
-0.872 9.962 -1.569 17.932 -2.092 23.909 -0.087 0.000 0.000
-1.736 9.848 -3.126 17.727 -4.168 23.635 -0.175 0.000 0.000
-2.588 9.659 -4.659 17.387 -6.212 23.182 -0.262 0.000 0.000
-3.420 9.397 -6.156 16.914 -8.208 22.553 -0.349 0.000 0.000
-4.226 9.063 -7.607 16.314 -10.143 21.751 -0.436 0.000 0.000
-5.000 8.660 -9.000 15.588 -12.000 20.785 -0.524 0.000 0.000
-5.736 8.192 -10.324 14.745 -13.766 19.660 -0.611 0.000 0.000
-6.428 7.660 -11.570 13.789 -15.427 18.385 -0.698 0.000 0.000
-7.071 7.071 -12.728 12.728 -16.971 16.971 -0.785 0.000 0.000
-7.071 7.071 -12.728 12.728 -16.585 17.324 -0.785 0.000 0.087
-7.071 7.071 -12.728 12.728 -16.169 17.643 -0.785 0.000 0.175
-7.071 7.071 -12.728 12.728 -15.728 17.924 -0.785 0.000 0.262
-7.071 7.071 -12.728 12.728 -15.264 18.166 -0.785 0.000 0.349
-7.071 7.071 -12.728 12.728 -14.780 18.366 -0.785 0.000 0.436
-7.071 7.071 -12.728 12.728 -14.281 18.523 -0.785 0.000 0.524
-7.071 7.071 -12.728 12.728 -14.780 18.366 -0.785 0.000 0.436
-7.071 7.071 -12.728 12.728 -15.264 18.166 -0.785 0.000 0.349
-7.071 7.071 -12.728 12.728 -15.728 17.924 -0.785 0.000 0.262
-7.071 7.071 -12.728 12.728 -16.169 17.643 -0.785 0.000 0.175
-7.071 7.071 -12.728 12.728 -16.585 17.324 -0.785 0.000 0.087
-7.071 7.071 -12.728 12.728 -16.971 16.971 -0.785 0.000 -0.000
-7.071 7.071 -12.728 12.728 -17.324 16.585 -0.785 0.000 -0.087
-6.428 7.660 -11.570 13.789 -15.813 18.031 -0.698 0.000 -0.087
-5.736 8.192 -10.324 14.745 -14.181 19.341 -0.611 0.000 -0.087
-5.000 8.660 -9.000 15.588 -12.441 20.503 -0.524 0.000 -0.087
-4.226 9.063 -7.607 16.314 -10.607 21.510 -0.436 0.000 -0.087
-3.420 9.397 -6.156 16.914 -8.692 22.352 -0.349 0.000 -0.087
-2.588 9.659 -4.659 17.387 -6.711 23.025 -0.262 0.000 -0.087
-1.736 9.848 -3.126 17.727 -4.679 23.522 -0.175 0.000 -0.087
-1.736 9.848 -3.807 17.575 -5.859 23.214 -0.175 -0.087 -0.087
-1.736 9.848 -4.473 17.366 -7.008 22.803 -0.175 -0.175 -0.087
-1.736 9.848 -5.117 17.099 -8.117 22.295 -0.175 -0.262 -0.087
-1.736 9.848 -5.736 16.776 -9.178 21.691 -0.175 -0.349 -0.087
-1.736 9.848 -6.325 16.401 -10.182 20.998 -0.175 -0.436 -0.087
-1.736 9.848 -6.879 15.976 -11.121 20.219 -0.175 -0.524 -0.087
-1.736 9.848 -7.393 15.505 -11.990 19.362 -0.175 -0.611 -0.087
-1.736 9.848 -7.865 14.990 -12.780 18.432 -0.175 -0.698 -0.087
-1.736 9.848 -8.290 14.437 -13.486 17.437 -0.175 -0.785 -0.087
-0.872 9.962 -7.000 15.104 -11.915 18.546 -0.087 -0.785 -0.087
0.000 10.000 -5.657 15.657 -10.253 19.514 0.000 -0.785 -0.087
0.872 9.962 -4.271 16.090 -8.513 20.333 0.087 -0.785 -0.087
1.736 9.848 -2.852 16.401 -6.709 20.998 0.175 -0.785 -0.087
2.588 9.659 -1.412 16.587 -4.853 21.502 0.262 -0.785 -0.087
2.588 9.659 -0.793 16.910 -3.793 22.106 0.262 -0.698 -0.087
2.588 9.659 -0.148 17.177 -2.684 22.615 0.262 -0.611 -0.087
2.588 9.659 0.518 17.387 -1.534 23.025 0.262 -0.524 -0.087
2.588 9.659 0.518 17.387 -2.018 22.825 0.262 -0.524 -0.175
2.588 9.659 0.518 17.387 -2.482 22.583 0.262 -0.524 -0.262
2.588 9.659 0.518 17.387 -2.924 22.302 0.262 -0.524 -0.349
2.588 9.659 0.518 17.387 -3.339 21.983 0.262 -0.524 -0.436
2.588 9.659 0.518 17.387 -3.725 21.629 0.262 -0.524 -0.524
2.588 9.659 0.518 17.387 -4.079 21.243 0.262 -0.524 -0.611
2.588 9.659 0.518 17.387 -4.397 20.828 0.262 -0.524 -0.698
2.588 9.659 0.518 17.387 -4.679 20.387 0.262 -0.524 -0.785
2.588 9.659 0.518 17.387 -4.920 19.922 0.262 -0.524 -0.873
2.588 9.659 0.518 17.387 -5.121 19.439 0.262 -0.524 -0.960
2.588 9.659 0.518 17.387 -5.278 18.940 0.262 -0.524 -1.047
2.588 9.659 0.518 17.387 -5.391 18.429 0.262 -0.524 -1.134
2.588 9.659 0.518 17.387 -5.460 17.910 0.262 -0.524 -1.222
2.588 9.659 0.518 17.387 -5.482 17.387 0.262 -0.524 -1.309
2.588 9.659 0.518 17.387 -5.460 16.864 0.262 -0.524 -1.396
2.588 9.659 0.518 17.387 -5.391 16.345 0.262 -0.524 -1.484
2.588 9.659 0.518 17.387 -5.278 15.834 0.262 -0.524 -1.571
1.736 9.848 -1.000 17.366 -6.638 15.313 0.175 -0.524 -1.571
0.872 9.962 -2.509 17.212 -7.947 14.677 0.087 -0.524 -1.571
0.000 10.000 -4.000 16.928 -9.196 13.928 0.000 -0.524 -1.571
0.000 10.000 -3.381 17.250 -8.819 14.715 0.000 -0.436 -1.571
0.000 10.000 -2.736 17.518 -8.374 15.465 0.000 -0.349 -1.571
0.000 10.000 -2.071 17.727 -7.866 16.174 0.000 -0.262 -1.571
0.000 10.000 -2.071 17.727 -7.979 16.686 0.000 -0.262 -1.484
0.000 10.000 -2.071 17.727 -8.048 17.204 0.000 -0.262 -1.396
0.000 10.000 -2.071 17.727 -8.071 17.727 0.000 -0.262 -1.309
0.000 10.000 -2.071 17.727 -8.048 18.250 0.000 -0.262 -1.222
0.000 10.000 -2.071 17.727 -7.979 18.769 0.000 -0.262 -1.134
0.000 10.000 -2.071 17.727 -7.866 19.280 0.000 -0.262 -1.047
0.000 10.000 -2.071 17.727 -7.709 19.780 0.000 -0.262 -0.960
0.000 10.000 -2.071 17.727 -7.508 20.263 0.000 -0.262 -0.873
0.000 10.000 -2.071 17.727 -7.267 20.727 0.000 -0.262 -0.785
0.000 10.000 -2.071 17.727 -6.985 21.169 0.000 -0.262 -0.698
0.000 10.000 -2.071 17.727 -6.667 21.584 0.000 -0.262 -0.611
0.000 10.000 -2.071 17.727 -6.313 21.970 0.000 -0.262 -0.524
0.000 10.000 -2.071 17.727 -5.927 22.324 0.000 -0.262 -0.436
0.000 10.000 -2.071 17.727 -5.512 22.642 0.000 -0.262 -0.349
0.000 10.000 -2.071 17.727 -5.071 22.924 0.000 -0.262 -0.262
0.000 10.000 -2.071 17.727 -4.606 23.165 0.000 -0.262 -0.175
0.000 10.000 -2.071 17.727 -4.123 23.366 0.000 -0.262 -0.087
0.000 10.000 -2.071 17.727 -3.623 23.523 0.000 -0.262 -0.000
0.000 10.000 -2.071 17.727 -3.112 23.636 0.000 -0.262 0.087
0.000 10.000 -2.071 17.727 -2.593 23.705 0.000 -0.262 0.175
0.000 10.000 -2.071 17.727 -2.071 23.727 0.000 -0.262 0.262
0.000 10.000 -2.071 17.727 -1.548 23.705 0.000 -0.262 0.349
0.000 10.000 -2.071 17.727 -1.029 23.636 0.000 -0.262 0.436
0.000 10.000 -2.071 17.727 -0.518 23.523 0.000 -0.262 0.524
0.000 10.000 -2.736 17.518 -1.694 23.426 0.000 -0.349 0.524
0.000 10.000 -3.381 17.250 -2.858 23.228 0.000 -0.436 0.524
0.000 10.000 -4.000 16.928 -4.000 22.928 0.000 -0.524 0.524
0.000 10.000 -4.589 16.553 -5.112 22.530 0.000 -0.611 0.524
0.000 10.000 -5.142 16.128 -6.184 22.037 0.000 -0.698 0.524
0.000 10.000 -5.657 15.657 -7.210 21.452 0.000 -0.785 0.524
0.000 10.000 -6.128 15.142 -8.180 20.780 0.000 -0.873 0.524
0.000 10.000 -6.553 14.589 -9.089 20.026 0.000 -0.960 0.524
0.000 10.000 -6.928 14.000 -9.928 19.196 0.000 -1.047 0.524
0.000 10.000 -7.250 13.381 -10.692 18.296 0.000 -1.134 0.524
0.000 10.000 -7.518 12.736 -11.374 17.332 0.000 -1.222 0.524
0.000 10.000 -7.727 12.071 -11.970 16.313 0.000 -1.309 0.524
0.000 10.000 -7.878 11.389 -12.475 15.246 0.000 -1.396 0.524
0.000 10.000 -7.970 10.697 -12.884 14.139 0.000 -1.484 0.524
0.000 10.000 -8.000 10.000 -13.196 13.000 0.000 -1.571 0.524
0.000 10.000 -7.970 9.303 -13.407 11.838 0.000 -1.658 0.524
0.000 10.000 -7.878 8.611 -13.517 10.663 0.000 -1.745 0.524
0.000 10.000 -7.727 7.929 -13.523 9.482 0.000 -1.833 0.524
0.000 10.000 -7.727 7.929 -13.636 8.971 0.000 -1.833 0.436
0.000 10.000 -7.727 7.929 -13.705 8.452 0.000 -1.833 0.349
0.000 10.000 -7.727 7.929 -13.727 7.929 0.000 -1.833 0.262
0.000 10.000 -7.727 7.929 -13.705 7.407 0.000 -1.833 0.175
0.000 10.000 -7.727 7.929 -13.636 6.888 0.000 -1.833 0.087
0.000 10.000 -7.727 7.929 -13.523 6.377 0.000 -1.833 -0.000
0.000 10.000 -7.727 7.929 -13.366 5.877 0.000 -1.833 -0.087
0.000 10.000 -7.727 7.929 -13.165 5.394 0.000 -1.833 -0.175
0.000 10.000 -7.727 7.929 -12.924 4.929 0.000 -1.833 -0.262
0.000 10.000 -7.727 7.929 -12.642 4.488 0.000 -1.833 -0.349
0.000 10.000 -7.727 7.929 -12.324 4.073 0.000 -1.833 -0.436
0.000 10.000 -7.727 7.929 -11.970 3.687 0.000 -1.833 -0.524
0.000 10.000 -7.727 7.929 -11.584 3.333 0.000 -1.833 -0.611
0.000 10.000 -7.727 7.929 -11.169 3.015 0.000 -1.833 -0.698
0.000 10.000 -7.727 7.929 -10.727 2.733 0.000 -1.833 -0.785
0.000 10.000 -7.727 7.929 -10.263 2.492 0.000 -1.833 -0.873
0.000 10.000 -7.727 7.929 -9.780 2.291 0.000 -1.833 -0.960
0.000 10.000 -7.727 7.929 -9.280 2.134 0.000 -1.833 -1.047
0.000 10.000 -7.878 8.611 -9.931 2.973 0.000 -1.745 -1.047
0.000 10.000 -7.970 9.303 -10.505 3.865 0.000 -1.658 -1.047
0.000 10.000 -8.000 10.000 -11.000 4.804 0.000 -1.571 -1.047
0.000 10.000 -7.970 10.697 -11.411 5.782 0.000 -1.484 -1.047
0.000 10.000 -7.878 11.389 -11.735 6.793 0.000 -1.396 -1.047
0.000 10.000 -7.727 12.071 -11.970 7.828 0.000 -1.309 -1.047
0.872 9.962 -6.646 12.698 -11.242 8.841 0.087 -1.309 -1.047
1.736 9.848 -5.514 13.229 -10.429 9.788 0.175 -1.309 -1.047
2.588 9.659 -4.340 13.659 -9.536 10.659 0.262 -1.309 -1.047
3.420 9.397 -3.133 13.986 -8.571 11.450 0.349 -1.309 -1.047
2.588 9.659 -4.340 13.659 -9.536 10.659 0.262 -1.309 -1.047
1.736 9.848 -5.514 13.229 -10.429 9.788 0.175 -1.309 -1.047
0.872 9.962 -6.646 12.698 -11.242 8.841 0.087 -1.309 -1.047
0.000 10.000 -7.727 12.071 -11.970 7.828 0.000 -1.309 -1.047
0.000 10.000 -7.727 12.071 -12.324 8.214 0.000 -1.309 -0.960
0.000 10.000 -7.727 12.071 -12.642 8.629 0.000 -1.309 -0.873
0.000 10.000 -7.727 12.071 -12.924 9.071 0.000 -1.309 -0.785
0.000 10.000 -7.727 12.071 -13.165 9.535 0.000 -1.309 -0.698
0.000 10.000 -7.727 12.071 -13.366 10.018 0.000 -1.309 -0.611
0.000 10.000 -7.727 12.071 -13.523 10.518 0.000 -1.309 -0.524
0.000 10.000 -7.727 12.071 -13.636 11.029 0.000 -1.309 -0.436
0.000 10.000 -7.727 12.071 -13.705 11.548 0.000 -1.309 -0.349
0.000 10.000 -7.727 12.071 -13.727 12.071 0.000 -1.309 -0.262
0.000 10.000 -7.727 12.071 -13.705 12.593 0.000 -1.309 -0.175
0.000 10.000 -7.727 12.071 -13.636 13.112 0.000 -1.309 -0.087
0.000 10.000 -7.727 12.071 -13.523 13.623 0.000 -1.309 -0.000
0.000 10.000 -7.727 12.071 -13.366 14.123 0.000 -1.309 0.087
0.000 10.000 -7.727 12.071 -13.165 14.606 0.000 -1.309 0.175
0.000 10.000 -7.727 12.071 -12.924 15.071 0.000 -1.309 0.262
0.000 10.000 -7.727 12.071 -12.642 15.512 0.000 -1.309 0.349
0.000 10.000 -7.727 12.071 -12.324 15.927 0.000 -1.309 0.436
0.000 10.000 -7.727 12.071 -11.970 16.313 0.000 -1.309 0.524
0.000 10.000 -7.518 12.736 -11.374 17.332 0.000 -1.222 0.524
0.000 10.000 -7.250 13.381 -10.692 18.296 0.000 -1.134 0.524
0.000 10.000 -6.928 14.000 -9.928 19.196 0.000 -1.047 0.524
0.000 10.000 -6.553 14.589 -9.089 20.026 0.000 -0.960 0.524
0.000 10.000 -6.128 15.142 -8.180 20.780 0.000 -0.873 0.524
0.000 10.000 -5.657 15.657 -7.210 21.452 0.000 -0.785 0.524
0.000 10.000 -5.142 16.128 -6.184 22.037 0.000 -0.698 0.524
0.000 10.000 -4.589 16.553 -5.112 22.530 0.000 -0.611 0.524
0.000 10.000 -4.000 16.928 -4.000 22.928 0.000 -0.524 0.524
0.000 10.000 -3.381 17.250 -2.858 23.228 0.000 -0.436 0.524
0.000 10.000 -2.736 17.518 -1.694 23.426 0.000 -0.349 0.524
0.000 10.000 -2.071 17.727 -0.518 23.523 0.000 -0.262 0.524