#a1_X a1_Y a2_X a2_Y a3_X a3_Y j_1 j_2 j_3
0.000 10.000 0.000 18.000 -0.523 23.977 0.000 0.000 -0.087
0.000 10.000 0.000 18.000 -1.042 23.909 0.000 0.000 -0.175
0.000 10.000 0.000 18.000 -1.553 23.796 0.000 0.000 -0.262
0.000 10.000 0.000 18.000 -2.052 23.638 0.000 0.000 -0.349
0.000 10.000 0.000 18.000 -2.536 23.438 0.000 0.000 -0.436
0.000 10.000 0.000 18.000 -3.000 23.196 0.000 0.000 -0.524
0.000 10.000 0.000 18.000 -3.441 22.915 0.000 0.000 -0.611
0.000 10.000 0.000 18.000 -3.857 22.596 0.000 0.000 -0.698
0.000 10.000 0.000 18.000 -4.243 22.243 0.000 0.000 -0.785
0.000 10.000 0.000 18.000 -4.596 21.857 0.000 0.000 -0.873
0.000 10.000 0.000 18.000 -4.915 21.441 0.000 0.000 -0.960
0.000 10.000 0.000 18.000 -5.196 21.000 0.000 0.000 -1.047
0.000 10.000 0.000 18.000 -5.438 20.536 0.000 0.000 -1.134
0.000 10.000 0.000 18.000 -5.638 20.052 0.000 0.000 -1.222
0.000 10.000 0.000 18.000 -5.796 19.553 0.000 0.000 -1.309
0.000 10.000 0.000 18.000 -5.909 19.042 0.000 0.000 -1.396
0.000 10.000 0.000 18.000 -5.977 18.523 0.000 0.000 -1.484
0.000 10.000 0.000 18.000 -6.000 18.000 0.000 0.000 -1.571
0.000 10.000 0.697 17.970 -5.280 18.492 0.000 0.087 -1.571
0.000 10.000 1.389 17.878 -4.520 18.920 0.000 0.175 -1.571
0.000 10.000 2.071 17.727 -3.725 19.280 0.000 0.262 -1.571
0.000 10.000 2.736 17.518 -2.902 19.570 0.000 0.349 -1.571
0.000 10.000 3.381 17.250 -2.057 19.786 0.000 0.436 -1.571
0.000 10.000 2.736 17.518 -2.902 19.570 0.000 0.349 -1.571
0.000 10.000 2.071 17.727 -3.725 19.280 0.000 0.262 -1.571
0.000 10.000 1.389 17.878 -4.520 18.920 0.000 0.175 -1.571
0.000 10.000 0.697 17.970 -5.280 18.492 0.000 0.087 -1.571
0.872 9.962 2.261 17.840 -3.648 18.882 0.087 0.087 -1.571
0.872 9.962 2.261 17.840 -3.535 19.393 0.087 0.087 -1.484
0.872 9.962 2.261 17.840 -3.377 19.893 0.087 0.087 -1.396
0.872 9.962 2.261 17.840 -3.177 20.376 0.087 0.087 -1.309
0.872 9.962 2.261 17.840 -2.935 20.840 0.087 0.087 -1.222
0.872 9.962 2.261 17.840 -2.654 21.282 0.087 0.087 -1.134
0.872 9.962 2.261 17.840 -2.336 21.697 0.087 0.087 -1.047
0.872 9.962 2.261 17.840 -1.982 22.083 0.087 0.087 -0.960
0.872 9.962 2.261 17.840 -2.336 21.697 0.087 0.087 -1.047
0.872 9.962 2.261 17.840 -2.654 21.282 0.087 0.087 -1.134
0.872 9.962 2.261 17.840 -2.935 20.840 0.087 0.087 -1.222
0.872 9.962 2.261 17.840 -3.177 20.376 0.087 0.087 -1.309
0.872 9.962 2.261 17.840 -3.377 19.893 0.087 0.087 -1.396
0.872 9.962 2.261 17.840 -3.535 19.393 0.087 0.087 -1.484
0.872 9.962 2.261 17.840 -3.648 18.882 0.087 0.087 -1.571
0.872 9.962 2.942 17.689 -2.853 19.242 0.087 0.175 -1.571
0.000 10.000 1.389 17.878 -4.520 18.920 0.000 0.175 -1.571
-0.872 9.962 -0.174 17.932 -6.151 18.454 -0.087 0.175 -1.571
-1.736 9.848 -1.736 17.848 -7.736 17.848 -0.175 0.175 -1.571
-2.588 9.659 -3.285 17.629 -9.263 17.106 -0.262 0.175 -1.571
-3.420 9.397 -4.809 17.275 -10.718 16.233 -0.349 0.175 -1.571
-4.226 9.063 -6.297 16.790 -12.092 15.238 -0.436 0.175 -1.571
-5.000 8.660 -7.736 16.178 -13.374 14.126 -0.524 0.175 -1.571
-5.736 8.192 -9.117 15.442 -14.555 12.906 -0.611 0.175 -1.571
-6.428 7.660 -10.428 14.589 -15.624 11.589 -0.698 0.175 -1.571
-7.071 7.071 -11.660 13.624 -16.575 10.183 -0.785 0.175 -1.571
-7.071 7.071 -11.071 13.999 -16.267 10.999 -0.785 0.262 -1.571
-7.071 7.071 -10.452 14.322 -15.890 11.786 -0.785 0.349 -1.571
-7.071 7.071 -9.807 14.589 -15.445 12.536 -0.785 0.436 -1.571
-6.428 7.660 -8.498 15.388 -14.294 13.835 -0.698 0.436 -1.571
-5.736 8.192 -7.125 16.070 -13.034 15.028 -0.611 0.436 -1.571
-5.000 8.660 -5.697 16.630 -11.674 16.107 -0.524 0.436 -1.571
-4.226 9.063 -4.226 17.063 -10.226 17.063 -0.436 0.436 -1.571
-3.420 9.397 -2.723 17.366 -8.700 17.889 -0.349 0.436 -1.571
-2.588 9.659 -1.199 17.538 -7.108 18.580 -0.262 0.436 -1.571
-1.736 9.848 0.334 17.575 -5.461 19.128 -0.175 0.436 -1.571
-0.872 9.962 1.865 17.479 -3.774 19.532 -0.087 0.436 -1.571
0.000 10.000 3.381 17.250 -2.057 19.786 0.000 0.436 -1.571
0.000 10.000 3.381 17.250 -1.815 20.250 0.000 0.436 -1.484
0.000 10.000 3.381 17.250 -1.534 20.692 0.000 0.436 -1.396
0.000 10.000 3.381 17.250 -1.215 21.107 0.000 0.436 -1.309
0.000 10.000 3.381 17.250 -0.862 21.493 0.000 0.436 -1.222
0.000 10.000 3.381 17.250 -0.476 21.847 0.000 0.436 -1.134
0.000 10.000 3.381 17.250 -0.061 22.165 0.000 0.436 -1.047
0.000 10.000 3.381 17.250 0.381 22.447 0.000 0.436 -0.960
0.000 10.000 3.381 17.250 0.845 22.688 0.000 0.436 -0.873
0.000 10.000 3.381 17.250 1.329 22.889 0.000 0.436 -0.785
0.000 10.000 3.381 17.250 1.828 23.046 0.000 0.436 -0.698
0.000 10.000 3.381 17.250 2.339 23.159 0.000 0.436 -0.611
0.000 10.000 3.381 17.250 2.858 23.228 0.000 0.436 -0.524
-0.872 9.962 1.865 17.479 0.823 23.388 -0.087 0.436 -0.524
-1.736 9.848 0.334 17.575 -1.219 23.371 -0.175 0.436 -0.524
-2.588 9.659 -1.199 17.538 -3.251 23.176 -0.262 0.436 -0.524
-3.420 9.397 -2.723 17.366 -5.259 22.804 -0.349 0.436 -0.524
-4.226 9.063 -4.226 17.063 -7.226 22.259 -0.436 0.436 -0.524
-5.000 8.660 -5.697 16.630 -9.139 21.545 -0.524 0.436 -0.524
-5.736 8.192 -7.125 16.070 -10.982 20.666 -0.611 0.436 -0.524
-5.736 8.192 -7.125 16.070 -10.566 20.985 -0.611 0.436 -0.436
-5.736 8.192 -7.125 16.070 -10.125 21.266 -0.611 0.436 -0.349
-5.736 8.192 -7.125 16.070 -9.661 21.508 -0.611 0.436 -0.262
-5.736 8.192 -7.125 16.070 -9.177 21.708 -0.611 0.436 -0.175
-5.736 8.192 -7.125 16.070 -8.678 21.866 -0.611 0.436 -0.087
-5.736 8.192 -7.125 16.070 -8.167 21.979 -0.611 0.436 -0.000
-5.736 8.192 -7.125 16.070 -7.648 22.047 -0.611 0.436 0.087
-5.736 8.192 -7.125 16.070 -7.125 22.070 -0.611 0.436 0.175
-5.736 8.192 -7.125 16.070 -6.602 22.047 -0.611 0.436 0.262
-5.736 8.192 -7.125 16.070 -6.083 21.979 -0.611 0.436 0.349
-5.736 8.192 -7.125 16.070 -5.572 21.866 -0.611 0.436 0.436
-5.736 8.192 -7.125 16.070 -5.073 21.708 -0.611 0.436 0.524
-5.736 8.192 -7.125 16.070 -4.589 21.508 -0.611 0.436 0.611
-5.736 8.192 -7.125 16.070 -4.125 21.266 -0.611 0.436 0.698
-5.736 8.192 -7.125 16.070 -3.683 20.985 -0.611 0.436 0.785
-5.736 8.192 -7.125 16.070 -3.268 20.666 -0.611 0.436 0.873
-5.736 8.192 -7.125 16.070 -2.882 20.313 -0.611 0.436 0.960
-5.736 8.192 -7.125 16.070 -2.529 19.927 -0.611 0.436 1.047
-5.736 8.192 -7.125 16.070 -2.210 19.511 -0.611 0.436 1.134
-5.736 8.192 -7.125 16.070 -1.929 19.070 -0.611 0.436 1.222
-5.736 8.192 -7.125 16.070 -1.687 18.606 -0.611 0.436 1.309
-5.736 8.192 -7.125 16.070 -1.487 18.122 -0.611 0.436 1.396
-5.736 8.192 -7.125 16.070 -1.329 17.623 -0.611 0.436 1.484
-5.736 8.192 -7.125 16.070 -1.216 17.112 -0.611 0.436 1.571
-5.736 8.192 -6.433 16.161 -0.456 16.684 -0.611 0.524 1.571
-5.736 8.192 -5.736 16.192 0.264 16.192 -0.611 0.611 1.571
-5.736 8.192 -5.039 16.161 0.939 15.638 -0.611 0.698 1.571
-5.736 8.192 -4.347 16.070 1.562 15.028 -0.611 0.785 1.571
-5.736 8.192 -3.665 15.919 2.130 14.366 -0.611 0.873 1.571
-5.736 8.192 -4.347 16.070 1.562 15.028 -0.611 0.785 1.571
-5.736 8.192 -5.039 16.161 0.939 15.638 -0.611 0.698 1.571
-5.736 8.192 -5.736 16.192 0.264 16.192 -0.611 0.611 1.571
-5.736 8.192 -5.736 16.192 0.241 16.714 -0.611 0.611 1.484
-5.736 8.192 -5.736 16.192 0.173 17.233 -0.611 0.611 1.396
-5.736 8.192 -5.736 16.192 0.060 17.744 -0.611 0.611 1.309
-5.736 8.192 -5.736 16.192 -0.098 18.244 -0.611 0.611 1.222
-5.736 8.192 -5.736 16.192 -0.298 18.727 -0.611 0.611 1.134
-5.736 8.192 -5.736 16.192 -0.540 19.192 -0.611 0.611 1.047
-5.000 8.660 -4.303 16.630 1.135 19.166 -0.524 0.611 1.047
-4.226 9.063 -2.837 16.942 2.801 18.994 -0.436 0.611 1.047
-3.420 9.397 -1.350 17.124 4.446 18.677 -0.349 0.611 1.047
-2.588 9.659 0.148 17.177 6.057 18.219 -0.262 0.611 1.047
-1.736 9.848 1.644 17.099 7.622 17.621 -0.175 0.611 1.047
-0.872 9.962 3.128 16.890 9.128 16.890 -0.087 0.611 1.047
-0.872 9.962 2.509 17.212 8.487 17.735 -0.087 0.524 1.047
-0.872 9.962 1.865 17.479 7.773 18.521 -0.087 0.436 1.047
-0.872 9.962 1.199 17.689 6.995 19.242 -0.087 0.349 1.047
-0.872 9.962 0.518 17.840 6.156 19.893 -0.087 0.262 1.047
-0.872 9.962 -0.174 17.932 5.264 20.467 -0.087 0.175 1.047
-0.872 9.962 -0.872 17.962 4.325 20.962 -0.087 0.087 1.047
-0.872 9.962 -1.569 17.932 3.346 21.373 -0.087 -0.000 1.047
-0.872 9.962 -2.261 17.840 2.336 21.697 -0.087 -0.087 1.047
-0.872 9.962 -2.942 17.689 1.301 21.932 -0.087 -0.175 1.047
-0.872 9.962 -3.608 17.479 0.249 22.076 -0.087 -0.262 1.047
-0.872 9.962 -4.253 17.212 -0.811 22.127 -0.087 -0.349 1.047
-0.872 9.962 -4.872 16.890 -1.872 22.086 -0.087 -0.436 1.047