#a1_X a1_Y a2_X a2_Y a3_X a3_Y j_1 j_2 j_3
0.000 10.000 0.697 17.970 1.220 23.947 0.000 0.087 0.000
0.000 10.000 1.389 17.878 2.431 23.787 0.000 0.175 0.000
0.000 10.000 2.071 17.727 3.623 23.523 0.000 0.262 0.000
0.000 10.000 2.736 17.518 4.788 23.156 0.000 0.349 0.000
0.000 10.000 3.381 17.250 5.917 22.688 0.000 0.436 0.000
0.000 10.000 3.381 17.250 6.381 22.447 0.000 0.436 0.087
0.000 10.000 3.381 17.250 6.822 22.165 0.000 0.436 0.175
0.000 10.000 3.381 17.250 7.238 21.847 0.000 0.436 0.262
0.000 10.000 3.381 17.250 7.624 21.493 0.000 0.436 0.349
0.000 10.000 3.381 17.250 7.977 21.107 0.000 0.436 0.436
0.000 10.000 3.381 17.250 8.296 20.692 0.000 0.436 0.524
0.000 10.000 3.381 17.250 8.577 20.250 0.000 0.436 0.611
0.000 10.000 3.381 17.250 8.819 19.786 0.000 0.436 0.698
0.000 10.000 3.381 17.250 8.577 20.250 0.000 0.436 0.611
0.000 10.000 3.381 17.250 8.296 20.692 0.000 0.436 0.524
0.000 10.000 3.381 17.250 7.977 21.107 0.000 0.436 0.436
0.000 10.000 2.736 17.518 6.979 21.760 0.000 0.349 0.436
0.000 10.000 2.071 17.727 5.927 22.324 0.000 0.262 0.436
0.000 10.000 1.389 17.878 4.831 22.793 0.000 0.175 0.436
0.000 10.000 0.697 17.970 3.697 23.166 0.000 0.087 0.436
0.000 10.000 -0.000 18.000 2.536 23.438 0.000 -0.000 0.436
0.000 10.000 -0.697 17.970 1.355 23.608 0.000 -0.087 0.436
0.000 10.000 -0.697 17.970 1.838 23.407 0.000 -0.087 0.524
0.000 10.000 -0.697 17.970 2.303 23.166 0.000 -0.087 0.611
0.000 10.000 -0.697 17.970 2.744 22.884 0.000 -0.087 0.698
0.000 10.000 -0.697 17.970 3.159 22.566 0.000 -0.087 0.785
0.000 10.000 -0.697 17.970 3.545 22.212 0.000 -0.087 0.873
0.000 10.000 -0.697 17.970 3.899 21.826 0.000 -0.087 0.960
0.000 10.000 -0.697 17.970 4.218 21.411 0.000 -0.087 1.047
0.000 10.000 -0.697 17.970 4.499 20.970 0.000 -0.087 1.134
0.000 10.000 -0.697 17.970 4.741 20.505 0.000 -0.087 1.222
0.872 9.962 0.872 17.962 6.510 20.014 0.087 -0.087 1.222
0.872 9.962 0.174 17.932 5.612 20.467 0.087 -0.175 1.222
0.872 9.962 -0.518 17.840 4.679 20.840 0.087 -0.262 1.222
0.872 9.962 -1.199 17.689 3.716 21.131 0.087 -0.349 1.222
0.872 9.962 -1.865 17.479 2.732 21.336 0.087 -0.436 1.222
0.872 9.962 -2.509 17.212 1.733 21.455 0.087 -0.524 1.222
0.872 9.962 -3.128 16.890 0.728 21.486 0.087 -0.611 1.222
0.872 9.962 -3.717 16.515 -0.276 21.430 0.087 -0.698 1.222
0.872 9.962 -4.271 16.090 -1.271 21.286 0.087 -0.785 1.222
0.872 9.962 -4.785 15.619 -2.250 21.057 0.087 -0.873 1.222
0.872 9.962 -5.257 15.104 -3.205 20.742 0.087 -0.960 1.222
0.872 9.962 -5.682 14.551 -4.129 20.346 0.087 -1.047 1.222
0.872 9.962 -6.057 13.962 -5.015 19.871 0.087 -1.134 1.222
0.872 9.962 -6.379 13.343 -5.856 19.320 0.087 -1.222 1.222
0.872 9.962 -6.646 12.698 -6.646 18.698 0.087 -1.309 1.222
0.872 9.962 -6.856 12.032 -7.379 18.010 0.087 -1.396 1.222
0.872 9.962 -7.007 11.351 -8.049 17.260 0.087 -1.484 1.222
0.872 9.962 -7.098 10.659 -8.651 16.455 0.087 -1.571 1.222
0.872 9.962 -7.128 9.962 -9.181 15.600 0.087 -1.658 1.222
0.872 9.962 -7.128 9.962 -8.681 15.758 0.087 -1.658 1.309
0.872 9.962 -7.128 9.962 -8.170 15.871 0.087 -1.658 1.396
0.872 9.962 -7.128 9.962 -7.651 15.939 0.087 -1.658 1.484
0.872 9.962 -7.128 9.962 -7.128 15.962 0.087 -1.658 1.571
0.872 9.962 -7.098 10.659 -6.575 16.636 0.087 -1.571 1.571
0.872 9.962 -7.007 11.351 -5.965 17.260 0.087 -1.484 1.571
0.872 9.962 -6.856 12.032 -5.303 17.828 0.087 -1.396 1.571
0.872 9.962 -6.646 12.698 -4.594 18.336 0.087 -1.309 1.571
0.872 9.962 -6.379 13.343 -3.843 18.781 0.087 -1.222 1.571
0.872 9.962 -6.057 13.962 -3.057 19.158 0.087 -1.134 1.571
0.000 10.000 -7.250 13.381 -4.715 18.819 0.000 -1.134 1.571
-0.872 9.962 -8.389 12.698 -6.337 18.336 -0.087 -1.134 1.571
-1.736 9.848 -9.464 11.919 -7.911 17.714 -0.175 -1.134 1.571
-2.588 9.659 -10.467 11.048 -9.425 16.957 -0.262 -1.134 1.571
-2.588 9.659 -10.316 11.730 -8.763 17.525 -0.262 -1.047 1.571
-2.588 9.659 -10.106 12.395 -8.054 18.034 -0.262 -0.960 1.571
-2.588 9.659 -9.839 13.040 -7.303 18.478 -0.262 -0.873 1.571
-2.588 9.659 -9.516 13.659 -6.516 18.855 -0.262 -0.785 1.571
-2.588 9.659 -9.141 14.248 -5.700 19.163 -0.262 -0.698 1.571
-2.588 9.659 -8.717 14.802 -4.860 19.398 -0.262 -0.611 1.571
-2.588 9.659 -8.245 15.316 -4.002 19.559 -0.262 -0.524 1.571
-2.588 9.659 -7.730 15.788 -3.134 19.644 -0.262 -0.436 1.571
-2.588 9.659 -7.177 16.212 -2.262 19.654 -0.262 -0.349 1.571
-2.588 9.659 -6.588 16.587 -1.392 19.587 -0.262 -0.262 1.571
-2.588 9.659 -5.969 16.910 -0.531 19.445 -0.262 -0.175 1.571
-2.588 9.659 -5.324 17.177 0.314 19.229 -0.262 -0.087 1.571
-2.588 9.659 -4.659 17.387 1.137 18.940 -0.262 -0.000 1.571
-2.588 9.659 -3.977 17.538 1.931 18.580 -0.262 0.087 1.571
-2.588 9.659 -3.285 17.629 2.692 18.152 -0.262 0.175 1.571
-2.588 9.659 -2.588 17.659 3.412 17.659 -0.262 0.262 1.571
-2.588 9.659 -1.891 17.629 4.086 17.106 -0.262 0.349 1.571
-2.588 9.659 -1.199 17.538 4.710 16.496 -0.262 0.436 1.571
-2.588 9.659 -0.518 17.387 5.278 15.834 -0.262 0.524 1.571
-3.420 9.397 -2.031 17.275 3.878 16.233 -0.349 0.524 1.571
-4.226 9.063 -3.529 17.033 2.448 16.510 -0.436 0.524 1.571
-5.000 8.660 -5.000 16.660 1.000 16.660 -0.524 0.524 1.571
-4.226 9.063 -3.529 17.033 2.448 16.510 -0.436 0.524 1.571
-3.420 9.397 -2.031 17.275 3.878 16.233 -0.349 0.524 1.571
-2.588 9.659 -0.518 17.387 5.278 15.834 -0.262 0.524 1.571
-1.736 9.848 1.000 17.366 6.638 15.313 -0.175 0.524 1.571
-0.872 9.962 2.509 17.212 7.947 14.677 -0.087 0.524 1.571