#a1_X a1_Y a2_X a2_Y a3_X a3_Y j_1 j_2 j_3
0.000 10.000 0.697 17.970 1.220 23.947 0.000 0.087 0.000
0.000 10.000 1.389 17.878 2.431 23.787 0.000 0.175 0.000
0.000 10.000 2.071 17.727 3.623 23.523 0.000 0.262 0.000
0.000 10.000 2.736 17.518 4.788 23.156 0.000 0.349 0.000
0.000 10.000 3.381 17.250 5.917 22.688 0.000 0.436 0.000
0.000 10.000 3.381 17.250 5.433 22.889 0.000 0.436 -0.087
0.000 10.000 3.381 17.250 4.934 23.046 0.000 0.436 -0.175
0.000 10.000 3.381 17.250 4.423 23.159 0.000 0.436 -0.262
0.000 10.000 3.381 17.250 3.904 23.228 0.000 0.436 -0.349
0.000 10.000 3.381 17.250 3.381 23.250 0.000 0.436 -0.436
0.000 10.000 3.381 17.250 2.858 23.228 0.000 0.436 -0.524
0.000 10.000 3.381 17.250 2.339 23.159 0.000 0.436 -0.611
0.000 10.000 3.381 17.250 2.858 23.228 0.000 0.436 -0.524
0.000 10.000 3.381 17.250 3.381 23.250 0.000 0.436 -0.436
0.000 10.000 3.381 17.250 3.904 23.228 0.000 0.436 -0.349
0.000 10.000 3.381 17.250 4.423 23.159 0.000 0.436 -0.262
0.000 10.000 3.381 17.250 4.934 23.046 0.000 0.436 -0.175
0.000 10.000 3.381 17.250 5.433 22.889 0.000 0.436 -0.087
0.000 10.000 3.381 17.250 5.917 22.688 0.000 0.436 0.000
-0.872 9.962 1.865 17.479 3.917 23.118 -0.087 0.436 0.000
-1.736 9.848 0.334 17.575 1.887 23.371 -0.175 0.436 0.000
-2.588 9.659 -1.199 17.538 -0.157 23.447 -0.262 0.436 0.000
-3.420 9.397 -2.723 17.366 -2.200 23.344 -0.349 0.436 0.000
-3.420 9.397 -2.031 17.275 -0.989 23.184 -0.349 0.524 0.000
-3.420 9.397 -1.350 17.124 0.203 22.920 -0.349 0.611 0.000
-3.420 9.397 -0.684 16.914 1.368 22.553 -0.349 0.698 0.000
-3.420 9.397 -0.039 16.647 2.496 22.085 -0.349 0.785 0.000
-3.420 9.397 0.580 16.325 3.580 21.521 -0.349 0.873 0.000
-3.420 9.397 1.168 15.950 4.610 20.865 -0.349 0.960 0.000
-3.420 9.397 1.722 15.525 5.579 20.122 -0.349 1.047 0.000
-3.420 9.397 2.237 15.054 6.479 19.296 -0.349 1.134 0.000
-4.226 9.063 0.916 15.191 4.773 19.788 -0.436 1.134 0.000
-5.000 8.660 -0.411 15.213 3.030 20.128 -0.524 1.134 0.000
-5.736 8.192 -1.736 15.120 1.264 20.316 -0.611 1.134 0.000
-6.428 7.660 -3.047 14.911 -0.511 20.349 -0.698 1.134 0.000
-7.071 7.071 -4.335 14.589 -2.283 20.227 -0.785 1.134 0.000
-7.660 6.428 -5.590 14.155 -4.037 19.951 -0.873 1.134 0.000
-8.192 5.736 -6.802 13.614 -5.760 19.523 -0.960 1.134 0.000
-8.660 5.000 -7.963 12.970 -7.440 18.947 -1.047 1.134 0.000
-9.063 4.226 -9.063 12.226 -9.063 18.226 -1.134 1.134 0.000
-9.397 3.420 -10.094 11.390 -10.617 17.367 -1.222 1.134 0.000
-9.659 2.588 -11.048 10.467 -12.090 16.375 -1.309 1.134 0.000
-9.848 1.736 -11.919 9.464 -13.472 15.259 -1.396 1.134 0.000
-9.848 1.736 -11.237 9.615 -12.279 15.524 -1.396 1.222 0.000
-9.848 1.736 -10.545 9.706 -11.068 15.683 -1.396 1.309 0.000
-9.848 1.736 -9.848 9.736 -9.848 15.736 -1.396 1.396 0.000
-9.848 1.736 -9.151 9.706 -8.628 15.683 -1.396 1.484 0.000
-9.848 1.736 -8.459 9.615 -7.417 15.524 -1.396 1.571 0.000
-9.848 1.736 -7.778 9.464 -6.225 15.259 -1.396 1.658 0.000
-9.848 1.736 -7.112 9.254 -5.060 14.892 -1.396 1.745 0.000
-9.848 1.736 -6.467 8.987 -3.931 14.425 -1.396 1.833 0.000
-9.848 1.736 -5.848 8.665 -2.848 13.861 -1.396 1.920 0.000
-9.848 1.736 -5.259 8.290 -1.818 13.205 -1.396 2.007 0.000
-9.848 1.736 -4.706 7.865 -0.849 12.461 -1.396 2.094 0.000
-9.659 2.588 -4.002 8.245 0.240 12.488 -1.309 2.094 0.000
-9.397 3.420 -3.269 8.563 1.328 12.419 -1.222 2.094 0.000
-9.397 3.420 -3.740 9.077 0.503 13.320 -1.222 2.007 0.000
-9.397 3.420 -4.255 9.549 -0.398 14.145 -1.222 1.920 0.000
-9.397 3.420 -4.808 9.973 -1.367 14.888 -1.222 1.833 0.000
-9.397 3.420 -5.397 10.348 -2.397 15.545 -1.222 1.745 0.000
-9.397 3.420 -6.016 10.671 -3.480 16.109 -1.222 1.658 0.000
-9.397 3.420 -5.397 10.348 -2.397 15.545 -1.222 1.745 0.000
-9.397 3.420 -4.808 9.973 -1.367 14.888 -1.222 1.833 0.000
-9.397 3.420 -4.255 9.549 -0.398 14.145 -1.222 1.920 0.000
-9.397 3.420 -3.740 9.077 0.503 13.320 -1.222 2.007 0.000
-9.397 3.420 -3.269 8.563 1.328 12.419 -1.222 2.094 0.000
-9.397 3.420 -3.269 8.563 0.974 12.805 -1.222 2.094 -0.087
-9.397 3.420 -3.269 8.563 0.588 13.159 -1.222 2.094 -0.175
-9.397 3.420 -3.269 8.563 0.173 13.477 -1.222 2.094 -0.262
-9.397 3.420 -3.269 8.563 -0.269 13.759 -1.222 2.094 -0.349
-9.397 3.420 -3.269 8.563 -0.733 14.000 -1.222 2.094 -0.436
-9.397 3.420 -3.269 8.563 -1.216 14.201 -1.222 2.094 -0.524
-9.397 3.420 -3.269 8.563 -1.716 14.358 -1.222 2.094 -0.611
-9.397 3.420 -3.269 8.563 -2.227 14.471 -1.222 2.094 -0.698
-9.397 3.420 -3.269 8.563 -2.746 14.540 -1.222 2.094 -0.785
-9.397 3.420 -3.269 8.563 -2.227 14.471 -1.222 2.094 -0.698
-9.397 3.420 -3.269 8.563 -1.716 14.358 -1.222 2.094 -0.611
-9.397 3.420 -3.269 8.563 -1.216 14.201 -1.222 2.094 -0.524
-9.397 3.420 -3.740 9.077 -2.187 14.873 -1.222 2.007 -0.524
-9.397 3.420 -4.255 9.549 -3.213 15.457 -1.222 1.920 -0.524
-9.397 3.420 -4.808 9.973 -4.285 15.951 -1.222 1.833 -0.524
-9.397 3.420 -5.397 10.348 -5.397 16.348 -1.222 1.745 -0.524
-9.659 2.588 -6.278 9.839 -6.801 15.816 -1.309 1.745 -0.524
-9.848 1.736 -7.112 9.254 -8.154 15.163 -1.396 1.745 -0.524
-9.962 0.872 -7.891 8.599 -9.444 14.395 -1.484 1.745 -0.524
-10.000 0.000 -8.611 7.878 -10.663 13.517 -1.571 1.745 -0.524
-10.000 0.000 -8.611 7.878 -10.164 13.674 -1.571 1.745 -0.436
-10.000 0.000 -8.611 7.878 -9.653 13.787 -1.571 1.745 -0.349
-10.000 0.000 -8.611 7.878 -9.134 13.856 -1.571 1.745 -0.262
-10.000 0.000 -8.611 7.878 -8.611 13.878 -1.571 1.745 -0.175
-9.962 0.872 -7.891 8.599 -7.368 14.576 -1.484 1.745 -0.175
-9.848 1.736 -7.112 9.254 -6.070 15.163 -1.396 1.745 -0.175
-9.659 2.588 -6.278 9.839 -4.725 15.634 -1.309 1.745 -0.175
-9.397 3.420 -5.397 10.348 -3.345 15.987 -1.222 1.745 -0.175
-9.063 4.226 -4.474 10.779 -1.939 16.217 -1.134 1.745 -0.175
-9.063 4.226 -3.921 10.355 -0.921 15.551 -1.134 1.833 -0.175
-9.063 4.226 -3.406 9.883 0.035 14.798 -1.134 1.920 -0.175
-9.063 4.226 -2.935 9.368 0.922 13.965 -1.134 2.007 -0.175
-9.063 4.226 -2.510 8.815 1.733 13.057 -1.134 2.094 -0.175