#a1_X a1_Y a2_X a2_Y a3_X a3_Y j_1 j_2 j_3
0.000 10.000 0.000 18.000 0.523 23.977 0.000 0.000 0.087
0.000 10.000 0.000 18.000 1.042 23.909 0.000 0.000 0.175
0.000 10.000 0.000 18.000 1.553 23.796 0.000 0.000 0.262
0.000 10.000 0.000 18.000 2.052 23.638 0.000 0.000 0.349
0.000 10.000 0.000 18.000 2.536 23.438 0.000 0.000 0.436
0.000 10.000 0.000 18.000 3.000 23.196 0.000 0.000 0.524
0.000 10.000 0.000 18.000 3.441 22.915 0.000 0.000 0.611
0.000 10.000 0.000 18.000 3.857 22.596 0.000 0.000 0.698
0.000 10.000 0.000 18.000 4.243 22.243 0.000 0.000 0.785
0.000 10.000 0.000 18.000 4.596 21.857 0.000 0.000 0.873
0.000 10.000 0.000 18.000 4.915 21.441 0.000 0.000 0.960
0.000 10.000 0.000 18.000 5.196 21.000 0.000 0.000 1.047
0.000 10.000 0.000 18.000 5.438 20.536 0.000 0.000 1.134
0.000 10.000 0.000 18.000 5.638 20.052 0.000 0.000 1.222
0.000 10.000 0.000 18.000 5.796 19.553 0.000 0.000 1.309
0.000 10.000 0.000 18.000 5.909 19.042 0.000 0.000 1.396
0.000 10.000 0.000 18.000 5.977 18.523 0.000 0.000 1.484
0.000 10.000 0.000 18.000 6.000 18.000 0.000 0.000 1.571
0.000 10.000 -0.697 17.970 5.280 18.492 0.000 -0.087 1.571
0.000 10.000 -1.389 17.878 4.520 18.920 0.000 -0.175 1.571
0.000 10.000 -2.071 17.727 3.725 19.280 0.000 -0.262 1.571
0.000 10.000 -2.736 17.518 2.902 19.570 0.000 -0.349 1.571
0.000 10.000 -2.071 17.727 3.725 19.280 0.000 -0.262 1.571
0.000 10.000 -1.389 17.878 4.520 18.920 0.000 -0.175 1.571
0.000 10.000 -0.697 17.970 5.280 18.492 0.000 -0.087 1.571
0.000 10.000 -0.697 17.970 5.212 19.011 0.000 -0.087 1.484
0.000 10.000 -0.697 17.970 5.098 19.522 0.000 -0.087 1.396
0.000 10.000 -0.697 17.970 4.941 20.022 0.000 -0.087 1.309
0.000 10.000 -0.697 17.970 4.741 20.505 0.000 -0.087 1.222
0.000 10.000 -0.697 17.970 4.499 20.970 0.000 -0.087 1.134
0.000 10.000 -0.697 17.970 4.218 21.411 0.000 -0.087 1.047
0.000 10.000 -0.697 17.970 3.899 21.826 0.000 -0.087 0.960
0.000 10.000 -0.697 17.970 3.545 22.212 0.000 -0.087 0.873
0.000 10.000 -0.697 17.970 3.159 22.566 0.000 -0.087 0.785
0.000 10.000 -0.697 17.970 2.744 22.884 0.000 -0.087 0.698
0.000 10.000 -0.697 17.970 2.303 23.166 0.000 -0.087 0.611
0.000 10.000 -0.697 17.970 1.838 23.407 0.000 -0.087 0.524
0.000 10.000 -0.697 17.970 1.355 23.608 0.000 -0.087 0.436
0.000 10.000 -0.697 17.970 0.856 23.765 0.000 -0.087 0.349
0.000 10.000 -0.697 17.970 0.345 23.878 0.000 -0.087 0.262
0.000 10.000 -0.697 17.970 -0.174 23.947 0.000 -0.087 0.175
0.000 10.000 -0.697 17.970 -0.697 23.970 0.000 -0.087 0.087
0.000 10.000 -0.697 17.970 -1.220 23.947 0.000 -0.087 -0.000
0.000 10.000 -0.697 17.970 -1.739 23.878 0.000 -0.087 -0.087
0.000 10.000 -0.697 17.970 -2.250 23.765 0.000 -0.087 -0.175
0.000 10.000 -0.697 17.970 -2.749 23.608 0.000 -0.087 -0.262
0.000 10.000 -0.697 17.970 -3.233 23.407 0.000 -0.087 -0.349
0.000 10.000 -1.389 17.878 -4.389 23.075 0.000 -0.175 -0.349
0.000 10.000 -2.071 17.727 -5.512 22.642 0.000 -0.262 -0.349
0.000 10.000 -2.736 17.518 -6.593 22.114 0.000 -0.349 -0.349
0.000 10.000 -3.381 17.250 -7.624 21.493 0.000 -0.436 -0.349
0.000 10.000 -4.000 16.928 -8.596 20.785 0.000 -0.524 -0.349
0.872 9.962 -2.509 17.212 -6.752 21.455 0.087 -0.524 -0.349
1.736 9.848 -1.000 17.366 -4.856 21.962 0.175 -0.524 -0.349
2.588 9.659 0.518 17.387 -2.924 22.302 0.262 -0.524 -0.349
2.588 9.659 -0.148 17.177 -4.005 21.773 0.262 -0.611 -0.349
2.588 9.659 -0.793 16.910 -5.035 21.152 0.262 -0.698 -0.349
2.588 9.659 -1.412 16.587 -6.008 20.444 0.262 -0.785 -0.349
2.588 9.659 -2.000 16.212 -6.915 19.654 0.262 -0.873 -0.349
2.588 9.659 -2.554 15.788 -7.750 18.788 0.262 -0.960 -0.349
2.588 9.659 -3.069 15.316 -8.507 17.852 0.262 -1.047 -0.349
2.588 9.659 -3.540 14.802 -9.178 16.854 0.262 -1.134 -0.349
2.588 9.659 -3.540 14.802 -8.978 17.337 0.262 -1.134 -0.262
2.588 9.659 -3.540 14.802 -8.736 17.802 0.262 -1.134 -0.175
2.588 9.659 -3.540 14.802 -8.455 18.243 0.262 -1.134 -0.087
2.588 9.659 -3.540 14.802 -8.136 18.658 0.262 -1.134 -0.000
2.588 9.659 -3.540 14.802 -7.783 19.044 0.262 -1.134 0.087
3.420 9.397 -2.237 15.054 -6.093 19.650 0.349 -1.134 0.087
4.226 9.063 -0.916 15.191 -4.358 20.106 0.436 -1.134 0.087
3.420 9.397 -2.237 15.054 -6.093 19.650 0.349 -1.134 0.087
2.588 9.659 -3.540 14.802 -7.783 19.044 0.262 -1.134 0.087
1.736 9.848 -4.817 14.437 -9.413 18.293 0.175 -1.134 0.087
1.736 9.848 -4.392 14.990 -8.635 19.233 0.175 -1.047 0.087
1.736 9.848 -3.920 15.505 -7.777 20.101 0.175 -0.960 0.087
1.736 9.848 -3.406 15.976 -6.847 20.891 0.175 -0.873 0.087
1.736 9.848 -2.852 16.401 -5.852 21.597 0.175 -0.785 0.087
1.736 9.848 -2.852 16.401 -6.294 21.316 0.175 -0.785 -0.000
1.736 9.848 -2.852 16.401 -6.709 20.998 0.175 -0.785 -0.087
1.736 9.848 -2.852 16.401 -7.095 20.644 0.175 -0.785 -0.175
1.736 9.848 -2.852 16.401 -7.448 20.258 0.175 -0.785 -0.262
1.736 9.848 -2.852 16.401 -7.767 19.843 0.175 -0.785 -0.349
0.872 9.962 -4.271 16.090 -9.467 19.090 0.087 -0.785 -0.349
-0.000 10.000 -5.657 15.657 -11.095 18.193 -0.000 -0.785 -0.349
-0.872 9.962 -7.000 15.104 -12.638 17.156 -0.087 -0.785 -0.349
-1.736 9.848 -8.290 14.437 -14.085 15.990 -0.175 -0.785 -0.349
-2.588 9.659 -9.516 13.659 -15.425 14.701 -0.262 -0.785 -0.349
-2.588 9.659 -9.516 13.659 -15.312 15.212 -0.262 -0.785 -0.262
-2.588 9.659 -9.516 13.659 -15.155 15.711 -0.262 -0.785 -0.175
-2.588 9.659 -9.516 13.659 -14.954 16.195 -0.262 -0.785 -0.087
-3.420 9.397 -10.671 12.778 -16.309 14.830 -0.349 -0.785 -0.087
-4.226 9.063 -11.744 11.799 -17.539 13.352 -0.436 -0.785 -0.087
-5.000 8.660 -12.727 10.731 -18.636 11.773 -0.524 -0.785 -0.087
-4.226 9.063 -11.744 11.799 -17.539 13.352 -0.436 -0.785 -0.087
-3.420 9.397 -10.671 12.778 -16.309 14.830 -0.349 -0.785 -0.087
-2.588 9.659 -9.516 13.659 -14.954 16.195 -0.262 -0.785 -0.087
-2.588 9.659 -9.516 13.659 -14.713 16.659 -0.262 -0.785 -0.000
-2.588 9.659 -9.516 13.659 -14.431 17.101 -0.262 -0.785 0.087
-2.588 9.659 -9.516 13.659 -14.113 17.516 -0.262 -0.785 0.175
-2.588 9.659 -9.516 13.659 -13.759 17.902 -0.262 -0.785 0.262
-2.588 9.659 -9.516 13.659 -13.373 18.256 -0.262 -0.785 0.349
-2.588 9.659 -9.141 14.248 -12.583 19.163 -0.262 -0.698 0.349
-2.588 9.659 -8.717 14.802 -11.717 19.998 -0.262 -0.611 0.349
-2.588 9.659 -8.245 15.316 -10.781 20.754 -0.262 -0.524 0.349
-2.588 9.659 -7.730 15.788 -9.783 21.426 -0.262 -0.436 0.349
-2.588 9.659 -7.177 16.212 -8.730 22.008 -0.262 -0.349 0.349
-2.588 9.659 -6.588 16.587 -7.630 22.496 -0.262 -0.262 0.349
-2.588 9.659 -5.969 16.910 -6.492 22.887 -0.262 -0.175 0.349
-3.420 9.397 -7.420 16.325 -8.462 22.234 -0.349 -0.175 0.349
-4.226 9.063 -8.815 15.616 -10.368 21.412 -0.436 -0.175 0.349
-5.000 8.660 -10.142 14.789 -12.194 20.427 -0.524 -0.175 0.349
-5.736 8.192 -11.393 13.848 -13.928 19.286 -0.611 -0.175 0.349
-6.428 7.660 -12.556 12.803 -15.556 17.999 -0.698 -0.175 0.349
-7.071 7.071 -13.624 11.660 -17.066 16.575 -0.785 -0.175 0.349
-7.660 6.428 -14.589 10.428 -18.445 15.024 -0.873 -0.175 0.349
-7.071 7.071 -13.624 11.660 -17.066 16.575 -0.785 -0.175 0.349
-6.428 7.660 -12.556 12.803 -15.556 17.999 -0.698 -0.175 0.349
-5.736 8.192 -11.393 13.848 -13.928 19.286 -0.611 -0.175 0.349
-5.000 8.660 -10.142 14.789 -12.194 20.427 -0.524 -0.175 0.349
-4.226 9.063 -8.815 15.616 -10.368 21.412 -0.436 -0.175 0.349
-4.226 9.063 -8.815 15.616 -9.857 21.525 -0.436 -0.175 0.436
-4.226 9.063 -8.815 15.616 -9.338 21.593 -0.436 -0.175 0.524
-4.226 9.063 -8.815 15.616 -8.815 21.616 -0.436 -0.175 0.611
-4.226 9.063 -8.815 15.616 -8.292 21.593 -0.436 -0.175 0.698
-4.226 9.063 -8.815 15.616 -7.773 21.525 -0.436 -0.175 0.785
-4.226 9.063 -8.815 15.616 -7.262 21.412 -0.436 -0.175 0.873
-4.226 9.063 -8.815 15.616 -6.763 21.254 -0.436 -0.175 0.960
-4.226 9.063 -8.815 15.616 -6.279 21.054 -0.436 -0.175 1.047
-4.226 9.063 -8.815 15.616 -5.815 20.812 -0.436 -0.175 1.134
-4.226 9.063 -8.815 15.616 -5.373 20.531 -0.436 -0.175 1.222
-4.226 9.063 -8.815 15.616 -4.958 20.213 -0.436 -0.175 1.309
-4.226 9.063 -8.815 15.616 -4.572 19.859 -0.436 -0.175 1.396
-4.226 9.063 -8.815 15.616 -4.219 19.473 -0.436 -0.175 1.484
-4.226 9.063 -8.815 15.616 -3.900 19.058 -0.436 -0.175 1.571
-4.226 9.063 -8.815 15.616 -4.219 19.473 -0.436 -0.175 1.484
-4.226 9.063 -8.815 15.616 -4.572 19.859 -0.436 -0.175 1.396
-4.226 9.063 -8.815 15.616 -4.958 20.213 -0.436 -0.175 1.309
-4.226 9.063 -8.815 15.616 -5.373 20.531 -0.436 -0.175 1.222
-4.226 9.063 -8.815 15.616 -5.815 20.812 -0.436 -0.175 1.134
-4.226 9.063 -8.815 15.616 -6.279 21.054 -0.436 -0.175 1.047
-4.226 9.063 -8.815 15.616 -6.763 21.254 -0.436 -0.175 0.960
-4.226 9.063 -8.815 15.616 -7.262 21.412 -0.436 -0.175 0.873
-4.226 9.063 -8.815 15.616 -7.773 21.525 -0.436 -0.175 0.785
-4.226 9.063 -8.815 15.616 -8.292 21.593 -0.436 -0.175 0.698
-4.226 9.063 -8.815 15.616 -8.815 21.616 -0.436 -0.175 0.611
-4.226 9.063 -8.815 15.616 -9.338 21.593 -0.436 -0.175 0.524
-4.226 9.063 -8.815 15.616 -9.857 21.525 -0.436 -0.175 0.436
-4.226 9.063 -8.815 15.616 -10.368 21.412 -0.436 -0.175 0.349
-4.226 9.063 -8.815 15.616 -10.867 21.254 -0.436 -0.175 0.262
-4.226 9.063 -8.815 15.616 -11.351 21.054 -0.436 -0.175 0.175
-4.226 9.063 -8.815 15.616 -11.815 20.812 -0.436 -0.175 0.087
-4.226 9.063 -8.815 15.616 -12.256 20.531 -0.436 -0.175 0.000
-4.226 9.063 -8.815 15.616 -12.672 20.213 -0.436 -0.175 -0.087
-4.226 9.063 -8.815 15.616 -13.057 19.859 -0.436 -0.175 -0.175
-4.226 9.063 -8.815 15.616 -13.411 19.473 -0.436 -0.175 -0.262
-4.226 9.063 -8.815 15.616 -13.730 19.058 -0.436 -0.175 -0.349
-4.226 9.063 -8.815 15.616 -14.011 18.616 -0.436 -0.175 -0.436
-4.226 9.063 -8.815 15.616 -14.253 18.152 -0.436 -0.175 -0.524
-4.226 9.063 -8.226 15.991 -13.422 18.991 -0.436 -0.087 -0.524
-4.226 9.063 -7.607 16.314 -12.522 19.755 -0.436 0.000 -0.524
-4.226 9.063 -6.962 16.581 -11.559 20.437 -0.436 0.087 -0.524
-4.226 9.063 -6.297 16.790 -10.539 21.033 -0.436 0.175 -0.524
-4.226 9.063 -5.615 16.942 -9.472 21.538 -0.436 0.262 -0.524
-4.226 9.063 -4.923 17.033 -8.365 21.948 -0.436 0.349 -0.524
-4.226 9.063 -4.226 17.063 -7.226 22.259 -0.436 0.436 -0.524
-5.000 8.660 -5.697 16.630 -9.139 21.545 -0.524 0.436 -0.524
-5.736 8.192 -7.125 16.070 -10.982 20.666 -0.611 0.436 -0.524
-6.428 7.660 -8.498 15.388 -12.741 19.630 -0.698 0.436 -0.524
-7.071 7.071 -9.807 14.589 -14.403 18.445 -0.785 0.436 -0.524
-7.660 6.428 -11.041 13.678 -15.956 17.120 -0.873 0.436 -0.524
-8.192 5.736 -12.192 12.664 -17.388 15.664 -0.960 0.436 -0.524
-8.660 5.000 -13.249 11.553 -18.687 14.089 -1.047 0.436 -0.524