#a1_X a1_Y a2_X a2_Y a3_X a3_Y j_1 j_2 j_3
0.000 10.000 0.697 17.970 1.220 23.947 0.000 0.087 0.000
0.000 10.000 1.389 17.878 2.431 23.787 0.000 0.175 0.000
0.000 10.000 2.071 17.727 3.623 23.523 0.000 0.262 0.000
0.000 10.000 2.736 17.518 4.788 23.156 0.000 0.349 0.000
0.000 10.000 3.381 17.250 5.917 22.688 0.000 0.436 0.000
0.000 10.000 2.736 17.518 4.788 23.156 0.000 0.349 0.000
0.000 10.000 2.071 17.727 3.623 23.523 0.000 0.262 0.000
0.000 10.000 1.389 17.878 2.431 23.787 0.000 0.175 0.000
0.000 10.000 0.697 17.970 1.220 23.947 0.000 0.087 0.000
0.000 10.000 -0.000 18.000 -0.000 24.000 0.000 -0.000 0.000
0.000 10.000 -0.697 17.970 -1.220 23.947 0.000 -0.087 0.000
0.000 10.000 -1.389 17.878 -2.431 23.787 0.000 -0.175 0.000
0.000 10.000 -2.071 17.727 -3.623 23.523 0.000 -0.262 0.000
0.000 10.000 -2.736 17.518 -4.788 23.156 0.000 -0.349 0.000
0.000 10.000 -3.381 17.250 -5.917 22.688 0.000 -0.436 0.000
0.000 10.000 -4.000 16.928 -7.000 22.124 0.000 -0.524 0.000
0.000 10.000 -4.589 16.553 -8.030 21.468 0.000 -0.611 0.000
0.000 10.000 -5.142 16.128 -8.999 20.725 0.000 -0.698 0.000
0.000 10.000 -5.657 15.657 -9.899 19.899 0.000 -0.785 0.000
0.000 10.000 -6.128 15.142 -10.725 18.999 0.000 -0.873 0.000
0.000 10.000 -6.553 14.589 -11.468 18.030 0.000 -0.960 0.000
0.000 10.000 -6.928 14.000 -12.124 17.000 0.000 -1.047 0.000
0.000 10.000 -7.250 13.381 -12.688 15.917 0.000 -1.134 0.000
0.000 10.000 -7.518 12.736 -13.156 14.788 0.000 -1.222 0.000
0.000 10.000 -7.727 12.071 -13.523 13.623 0.000 -1.309 0.000
0.000 10.000 -7.878 11.389 -13.787 12.431 0.000 -1.396 0.000
0.000 10.000 -7.970 10.697 -13.947 11.220 0.000 -1.484 0.000
0.000 10.000 -8.000 10.000 -14.000 10.000 0.000 -1.571 0.000
0.000 10.000 -7.970 9.303 -13.947 8.780 0.000 -1.658 0.000
0.000 10.000 -7.878 8.611 -13.787 7.569 0.000 -1.745 0.000
0.000 10.000 -7.727 7.929 -13.523 6.377 0.000 -1.833 0.000
-0.872 9.962 -8.389 7.226 -14.027 5.174 -0.087 -1.833 0.000
-1.736 9.848 -8.987 6.467 -14.425 3.931 -0.175 -1.833 0.000
-2.588 9.659 -9.516 5.659 -14.713 2.659 -0.262 -1.833 0.000
-3.420 9.397 -9.973 4.808 -14.888 1.367 -0.349 -1.833 0.000
-4.226 9.063 -10.355 3.921 -14.951 0.064 -0.436 -1.833 0.000
-4.226 9.063 -10.355 3.921 -15.269 0.479 -0.436 -1.833 0.087
-4.226 9.063 -10.355 3.921 -15.551 0.921 -0.436 -1.833 0.175
-4.226 9.063 -10.355 3.921 -15.792 1.385 -0.436 -1.833 0.262
-4.226 9.063 -10.355 3.921 -15.993 1.869 -0.436 -1.833 0.349
-4.226 9.063 -10.355 3.921 -16.150 2.368 -0.436 -1.833 0.436
-4.226 9.063 -10.355 3.921 -16.263 2.879 -0.436 -1.833 0.524
-4.226 9.063 -10.355 3.921 -16.332 3.398 -0.436 -1.833 0.611
-4.226 9.063 -10.355 3.921 -16.355 3.921 -0.436 -1.833 0.698
-3.420 9.397 -9.973 4.808 -15.951 5.331 -0.349 -1.833 0.698
-2.588 9.659 -9.516 5.659 -15.425 6.701 -0.262 -1.833 0.698
-1.736 9.848 -8.987 6.467 -14.782 8.020 -0.175 -1.833 0.698
-0.872 9.962 -8.389 7.226 -14.027 9.278 -0.087 -1.833 0.698
0.000 10.000 -7.727 7.929 -13.165 10.465 0.000 -1.833 0.698
0.872 9.962 -7.007 8.573 -12.203 11.573 0.087 -1.833 0.698
1.736 9.848 -6.233 9.151 -11.148 12.592 0.175 -1.833 0.698
2.588 9.659 -5.412 9.659 -10.008 13.516 0.262 -1.833 0.698
3.420 9.397 -4.549 10.094 -8.792 14.337 0.349 -1.833 0.698
4.226 9.063 -3.652 10.452 -7.509 15.049 0.436 -1.833 0.698
5.000 8.660 -2.727 10.731 -6.169 15.646 0.524 -1.833 0.698
5.736 8.192 -1.782 10.928 -4.782 16.124 0.611 -1.833 0.698
6.428 7.660 -0.823 11.041 -3.358 16.479 0.698 -1.833 0.698
7.071 7.071 0.143 11.071 -1.909 16.709 0.785 -1.833 0.698
7.660 6.428 1.107 11.016 -0.446 16.812 0.873 -1.833 0.698
8.192 5.736 2.063 10.878 1.021 16.787 0.960 -1.833 0.698
7.660 6.428 1.107 11.016 -0.446 16.812 0.873 -1.833 0.698
7.071 7.071 0.143 11.071 -1.909 16.709 0.785 -1.833 0.698
6.428 7.660 -0.823 11.041 -3.358 16.479 0.698 -1.833 0.698
5.736 8.192 -1.782 10.928 -4.782 16.124 0.611 -1.833 0.698
5.000 8.660 -2.727 10.731 -6.169 15.646 0.524 -1.833 0.698
4.226 9.063 -3.652 10.452 -7.509 15.049 0.436 -1.833 0.698
4.226 9.063 -3.652 10.452 -7.094 15.367 0.436 -1.833 0.785
4.226 9.063 -3.652 10.452 -6.652 15.648 0.436 -1.833 0.873
4.226 9.063 -3.652 10.452 -6.188 15.890 0.436 -1.833 0.960
4.226 9.063 -3.652 10.452 -5.704 16.090 0.436 -1.833 1.047
4.226 9.063 -3.652 10.452 -5.205 16.248 0.436 -1.833 1.134
4.226 9.063 -3.652 10.452 -4.694 16.361 0.436 -1.833 1.222
4.226 9.063 -3.652 10.452 -4.175 16.429 0.436 -1.833 1.309
5.000 8.660 -2.727 10.731 -2.727 16.731 0.524 -1.833 1.309
5.736 8.192 -1.782 10.928 -1.259 16.905 0.611 -1.833 1.309
6.428 7.660 -0.823 11.041 0.219 16.950 0.698 -1.833 1.309
7.071 7.071 0.143 11.071 1.696 16.867 0.785 -1.833 1.309
6.428 7.660 -0.823 11.041 0.219 16.950 0.698 -1.833 1.309
5.736 8.192 -1.782 10.928 -1.259 16.905 0.611 -1.833 1.309
5.000 8.660 -2.727 10.731 -2.727 16.731 0.524 -1.833 1.309
4.226 9.063 -3.652 10.452 -4.175 16.429 0.436 -1.833 1.309
3.420 9.397 -4.549 10.094 -5.591 16.003 0.349 -1.833 1.309
2.588 9.659 -5.412 9.659 -6.965 15.455 0.262 -1.833 1.309
1.736 9.848 -6.233 9.151 -8.285 14.789 0.175 -1.833 1.309
0.872 9.962 -7.007 8.573 -9.543 14.011 0.087 -1.833 1.309
0.000 10.000 -7.727 7.929 -10.727 13.126 0.000 -1.833 1.309
-0.872 9.962 -8.389 7.226 -11.831 12.141 -0.087 -1.833 1.309
-1.736 9.848 -8.987 6.467 -12.844 11.063 -0.175 -1.833 1.309
-2.588 9.659 -9.516 5.659 -13.759 9.902 -0.262 -1.833 1.309
-3.420 9.397 -9.973 4.808 -14.570 8.665 -0.349 -1.833 1.309
-4.226 9.063 -10.355 3.921 -15.269 7.362 -0.436 -1.833 1.309
-5.000 8.660 -10.657 3.003 -15.853 6.003 -0.524 -1.833 1.309