#a1_X a1_Y a2_X a2_Y a3_X a3_Y j_1 j_2 j_3
0.000 10.000 0.697 17.970 1.220 23.947 0.000 0.087 0.000
0.000 10.000 1.389 17.878 2.431 23.787 0.000 0.175 0.000
0.000 10.000 2.071 17.727 3.623 23.523 0.000 0.262 0.000
0.000 10.000 2.736 17.518 4.788 23.156 0.000 0.349 0.000
0.000 10.000 3.381 17.250 5.917 22.688 0.000 0.436 0.000
0.000 10.000 3.381 17.250 6.381 22.447 0.000 0.436 0.087
0.000 10.000 3.381 17.250 6.822 22.165 0.000 0.436 0.175
0.000 10.000 3.381 17.250 7.238 21.847 0.000 0.436 0.262
0.000 10.000 3.381 17.250 7.624 21.493 0.000 0.436 0.349
0.000 10.000 3.381 17.250 7.977 21.107 0.000 0.436 0.436
0.000 10.000 3.381 17.250 8.296 20.692 0.000 0.436 0.524
0.000 10.000 3.381 17.250 8.577 20.250 0.000 0.436 0.611
0.000 10.000 3.381 17.250 8.819 19.786 0.000 0.436 0.698
0.000 10.000 3.381 17.250 9.019 19.303 0.000 0.436 0.785
0.000 10.000 2.736 17.518 8.174 20.053 0.000 0.349 0.785
0.000 10.000 2.071 17.727 7.267 20.727 0.000 0.262 0.785
0.000 10.000 1.389 17.878 6.304 21.320 0.000 0.175 0.785
0.000 10.000 1.389 17.878 6.585 20.878 0.000 0.175 0.873
0.000 10.000 1.389 17.878 6.827 20.414 0.000 0.175 0.960
0.000 10.000 1.389 17.878 7.027 19.931 0.000 0.175 1.047
0.000 10.000 1.389 17.878 7.185 19.431 0.000 0.175 1.134
0.000 10.000 1.389 17.878 7.298 18.920 0.000 0.175 1.222
0.000 10.000 1.389 17.878 7.366 18.401 0.000 0.175 1.309
0.000 10.000 1.389 17.878 7.389 17.878 0.000 0.175 1.396
0.000 10.000 1.389 17.878 7.366 17.356 0.000 0.175 1.484
0.000 10.000 1.389 17.878 7.298 16.837 0.000 0.175 1.571
0.000 10.000 0.697 17.970 6.674 17.447 0.000 0.087 1.571
0.000 10.000 -0.000 18.000 6.000 18.000 0.000 -0.000 1.571
0.000 10.000 -0.697 17.970 5.280 18.492 0.000 -0.087 1.571
0.000 10.000 -1.389 17.878 4.520 18.920 0.000 -0.175 1.571
0.000 10.000 -2.071 17.727 3.725 19.280 0.000 -0.262 1.571
0.000 10.000 -2.736 17.518 2.902 19.570 0.000 -0.349 1.571
0.000 10.000 -3.381 17.250 2.057 19.786 0.000 -0.436 1.571
0.000 10.000 -4.000 16.928 1.196 19.928 0.000 -0.524 1.571
0.000 10.000 -4.589 16.553 0.326 19.995 0.000 -0.611 1.571
0.000 10.000 -5.142 16.128 -0.546 19.985 0.000 -0.698 1.571
0.000 10.000 -5.657 15.657 -1.414 19.899 0.000 -0.785 1.571
0.000 10.000 -6.128 15.142 -2.272 19.739 0.000 -0.873 1.571
0.000 10.000 -5.657 15.657 -1.414 19.899 0.000 -0.785 1.571
0.000 10.000 -5.142 16.128 -0.546 19.985 0.000 -0.698 1.571
0.000 10.000 -4.589 16.553 0.326 19.995 0.000 -0.611 1.571
0.000 10.000 -4.000 16.928 1.196 19.928 0.000 -0.524 1.571
0.000 10.000 -3.381 17.250 2.057 19.786 0.000 -0.436 1.571
0.000 10.000 -4.000 16.928 1.196 19.928 0.000 -0.524 1.571
0.000 10.000 -4.589 16.553 0.326 19.995 0.000 -0.611 1.571
0.000 10.000 -5.142 16.128 -0.546 19.985 0.000 -0.698 1.571
0.000 10.000 -5.657 15.657 -1.414 19.899 0.000 -0.785 1.571
0.000 10.000 -6.128 15.142 -2.272 19.739 0.000 -0.873 1.571
0.000 10.000 -6.553 14.589 -3.112 19.504 0.000 -0.960 1.571
0.000 10.000 -6.928 14.000 -3.928 19.196 0.000 -1.047 1.571
0.000 10.000 -7.250 13.381 -4.715 18.819 0.000 -1.134 1.571
0.000 10.000 -7.518 12.736 -5.465 18.374 0.000 -1.222 1.571
0.000 10.000 -7.727 12.071 -6.174 17.866 0.000 -1.309 1.571
0.000 10.000 -7.878 11.389 -6.837 17.298 0.000 -1.396 1.571
0.000 10.000 -7.970 10.697 -7.447 16.674 0.000 -1.484 1.571
-0.872 9.962 -8.872 9.962 -8.872 15.962 -0.087 -1.484 1.571
-1.736 9.848 -9.706 9.151 -10.229 15.128 -0.175 -1.484 1.571
-2.588 9.659 -10.467 8.270 -11.509 14.179 -0.262 -1.484 1.571
-3.420 9.397 -11.148 7.326 -12.701 13.122 -0.349 -1.484 1.571
-4.226 9.063 -11.744 6.327 -13.796 11.965 -0.436 -1.484 1.571
-4.226 9.063 -11.954 6.993 -13.507 12.788 -0.436 -1.396 1.571
-4.226 9.063 -12.105 7.674 -13.147 13.583 -0.436 -1.309 1.571
-4.226 9.063 -12.196 8.366 -12.719 14.343 -0.436 -1.222 1.571
-4.226 9.063 -12.226 9.063 -12.226 15.063 -0.436 -1.134 1.571
-4.226 9.063 -12.196 9.760 -11.673 15.737 -0.436 -1.047 1.571
-4.226 9.063 -12.105 10.452 -11.063 16.361 -0.436 -0.960 1.571
-4.226 9.063 -11.954 11.134 -10.401 16.929 -0.436 -0.873 1.571
-4.226 9.063 -11.744 11.799 -9.692 17.437 -0.436 -0.785 1.571
-4.226 9.063 -11.477 12.444 -8.941 17.882 -0.436 -0.698 1.571
-4.226 9.063 -11.154 13.063 -8.154 18.259 -0.436 -0.611 1.571
-4.226 9.063 -10.779 13.652 -7.338 18.567 -0.436 -0.524 1.571
-4.226 9.063 -10.355 14.205 -6.498 18.802 -0.436 -0.436 1.571
-4.226 9.063 -9.883 14.720 -5.640 18.963 -0.436 -0.349 1.571
-4.226 9.063 -9.368 15.191 -4.772 19.048 -0.436 -0.262 1.571
-4.226 9.063 -8.815 15.616 -3.900 19.058 -0.436 -0.175 1.571
-4.226 9.063 -8.226 15.991 -3.030 18.991 -0.436 -0.087 1.571
-4.226 9.063 -7.607 16.314 -2.169 18.849 -0.436 -0.000 1.571
-4.226 9.063 -6.962 16.581 -1.324 18.633 -0.436 0.087 1.571
-5.000 8.660 -8.381 15.911 -2.943 18.446 -0.524 0.087 1.571
-5.736 8.192 -9.736 15.120 -4.540 18.120 -0.611 0.087 1.571
-6.428 7.660 -11.016 14.214 -6.102 17.655 -0.698 0.087 1.571
-7.071 7.071 -12.213 13.199 -7.617 17.056 -0.785 0.087 1.571
-7.071 7.071 -12.213 13.199 -7.971 17.442 -0.785 0.087 1.484
-7.071 7.071 -12.213 13.199 -8.357 17.796 -0.785 0.087 1.396
-7.071 7.071 -12.213 13.199 -8.772 18.114 -0.785 0.087 1.309
-7.071 7.071 -12.213 13.199 -9.213 18.396 -0.785 0.087 1.222
-7.660 6.428 -13.317 12.085 -10.782 17.523 -0.873 0.087 1.222
-8.192 5.736 -14.320 10.878 -12.268 16.516 -0.960 0.087 1.222
-8.660 5.000 -15.213 9.589 -13.661 15.384 -1.047 0.087 1.222
-9.063 4.226 -15.991 8.226 -14.949 14.135 -1.134 0.087 1.222