#a1_X a1_Y a2_X a2_Y a3_X a3_Y j_1 j_2 j_3
0.872 9.962 1.569 17.932 2.092 23.909 0.087 0.000 0.000
0.872 9.962 2.261 17.840 3.303 23.749 0.087 0.087 0.000
0.872 9.962 2.942 17.689 4.495 23.485 0.087 0.175 0.000
0.872 9.962 2.261 17.840 3.303 23.749 0.087 0.087 0.000
0.872 9.962 1.569 17.932 2.092 23.909 0.087 -0.000 0.000
0.872 9.962 0.872 17.962 0.872 23.962 0.087 -0.087 0.000
0.872 9.962 0.174 17.932 -0.349 23.909 0.087 -0.175 0.000
0.872 9.962 -0.518 17.840 -1.560 23.749 0.087 -0.262 0.000
0.872 9.962 -1.199 17.689 -2.752 23.485 0.087 -0.349 0.000
0.872 9.962 -1.865 17.479 -3.917 23.118 0.087 -0.436 0.000
0.872 9.962 -2.509 17.212 -5.045 22.650 0.087 -0.524 0.000
0.872 9.962 -3.128 16.890 -6.128 22.086 0.087 -0.611 0.000
0.872 9.962 -2.509 17.212 -5.045 22.650 0.087 -0.524 0.000
0.872 9.962 -1.865 17.479 -3.917 23.118 0.087 -0.436 0.000
0.872 9.962 -1.199 17.689 -2.752 23.485 0.087 -0.349 0.000
0.872 9.962 -0.518 17.840 -1.560 23.749 0.087 -0.262 0.000
0.872 9.962 -0.518 17.840 -2.071 23.636 0.087 -0.262 -0.087
0.872 9.962 -0.518 17.840 -2.570 23.479 0.087 -0.262 -0.175
0.872 9.962 -0.518 17.840 -3.053 23.278 0.087 -0.262 -0.262
0.872 9.962 -0.518 17.840 -3.518 23.037 0.087 -0.262 -0.349
0.872 9.962 -0.518 17.840 -3.959 22.755 0.087 -0.262 -0.436
0.872 9.962 -0.518 17.840 -4.374 22.437 0.087 -0.262 -0.524
0.872 9.962 -0.518 17.840 -4.760 22.083 0.087 -0.262 -0.611
0.872 9.962 -0.518 17.840 -5.114 21.697 0.087 -0.262 -0.698
0.872 9.962 -0.518 17.840 -5.433 21.282 0.087 -0.262 -0.785
0.872 9.962 -0.518 17.840 -5.114 21.697 0.087 -0.262 -0.698
0.872 9.962 -0.518 17.840 -4.760 22.083 0.087 -0.262 -0.611
0.872 9.962 -0.518 17.840 -4.374 22.437 0.087 -0.262 -0.524
0.872 9.962 -0.518 17.840 -3.959 22.755 0.087 -0.262 -0.436
0.872 9.962 -0.518 17.840 -3.518 23.037 0.087 -0.262 -0.349
0.872 9.962 -0.518 17.840 -3.053 23.278 0.087 -0.262 -0.262
0.872 9.962 -0.518 17.840 -3.518 23.037 0.087 -0.262 -0.349
0.872 9.962 -0.518 17.840 -3.959 22.755 0.087 -0.262 -0.436
0.872 9.962 -0.518 17.840 -4.374 22.437 0.087 -0.262 -0.524
0.872 9.962 -0.518 17.840 -4.760 22.083 0.087 -0.262 -0.611
0.872 9.962 -0.518 17.840 -5.114 21.697 0.087 -0.262 -0.698
0.872 9.962 -0.518 17.840 -5.433 21.282 0.087 -0.262 -0.785
0.872 9.962 -0.518 17.840 -5.714 20.840 0.087 -0.262 -0.873
0.872 9.962 -0.518 17.840 -5.955 20.376 0.087 -0.262 -0.960
0.872 9.962 -0.518 17.840 -6.156 19.893 0.087 -0.262 -1.047
0.872 9.962 -0.518 17.840 -6.313 19.393 0.087 -0.262 -1.134
0.872 9.962 -0.518 17.840 -6.426 18.882 0.087 -0.262 -1.222
0.872 9.962 -0.518 17.840 -6.495 18.363 0.087 -0.262 -1.309
0.872 9.962 -0.518 17.840 -6.518 17.840 0.087 -0.262 -1.396
0.872 9.962 -0.518 17.840 -6.495 17.317 0.087 -0.262 -1.484
0.872 9.962 -0.518 17.840 -6.426 16.799 0.087 -0.262 -1.571
0.872 9.962 0.174 17.932 -5.803 17.409 0.087 -0.175 -1.571
0.872 9.962 0.872 17.962 -5.128 17.962 0.087 -0.087 -1.571
0.872 9.962 1.569 17.932 -4.408 18.454 0.087 -0.000 -1.571
0.872 9.962 2.261 17.840 -3.648 18.882 0.087 0.087 -1.571
0.872 9.962 2.942 17.689 -2.853 19.242 0.087 0.175 -1.571
0.872 9.962 2.261 17.840 -3.648 18.882 0.087 0.087 -1.571
0.872 9.962 1.569 17.932 -4.408 18.454 0.087 -0.000 -1.571
0.872 9.962 0.872 17.962 -5.128 17.962 0.087 -0.087 -1.571
0.872 9.962 0.174 17.932 -5.803 17.409 0.087 -0.175 -1.571
0.872 9.962 -0.518 17.840 -6.426 16.799 0.087 -0.262 -1.571
0.872 9.962 -1.199 17.689 -6.995 16.136 0.087 -0.349 -1.571
0.872 9.962 -1.865 17.479 -7.503 15.427 0.087 -0.436 -1.571
0.872 9.962 -1.199 17.689 -6.995 16.136 0.087 -0.349 -1.571
0.872 9.962 -0.518 17.840 -6.426 16.799 0.087 -0.262 -1.571
0.872 9.962 0.174 17.932 -5.803 17.409 0.087 -0.175 -1.571
0.872 9.962 0.872 17.962 -5.128 17.962 0.087 -0.087 -1.571
0.872 9.962 1.569 17.932 -4.408 18.454 0.087 -0.000 -1.571
0.872 9.962 2.261 17.840 -3.648 18.882 0.087 0.087 -1.571
0.872 9.962 2.942 17.689 -2.853 19.242 0.087 0.175 -1.571
0.872 9.962 2.942 17.689 -2.696 19.741 0.087 0.175 -1.484
0.872 9.962 2.942 17.689 -2.496 20.225 0.087 0.175 -1.396
0.872 9.962 2.942 17.689 -2.254 20.689 0.087 0.175 -1.309
0.872 9.962 2.942 17.689 -1.973 21.131 0.087 0.175 -1.222
0.872 9.962 2.942 17.689 -1.654 21.546 0.087 0.175 -1.134
0.872 9.962 2.942 17.689 -1.301 21.932 0.087 0.175 -1.047
0.872 9.962 2.942 17.689 -0.915 22.286 0.087 0.175 -0.960
0.872 9.962 2.942 17.689 -0.499 22.604 0.087 0.175 -0.873
0.872 9.962 2.942 17.689 -0.058 22.886 0.087 0.175 -0.785
0.872 9.962 2.942 17.689 0.406 23.127 0.087 0.175 -0.698
0.872 9.962 2.942 17.689 0.890 23.328 0.087 0.175 -0.611
0.872 9.962 2.942 17.689 1.389 23.485 0.087 0.175 -0.524